Event Index,UTC Timestamp,UTC Date and Time,Local Timestamp,Local Timezone,Local Date and Time,Experiment ID,Experiment Version,Tree Node Key,Repeat Key,Schedule ID,Participant Public ID,Participant Private ID,Participant Starting Group,Participant Status,Participant Completion Code,Participant External Session ID,Participant Device Type,Participant Device,Participant OS,Participant Browser,Participant Monitor Size,Participant Viewport Size,Checkpoint,Room ID,Room Order,Task Name,Task Version,randomiser-mq2e,Manipulation: Randomise questionnaire elements?,Question Key,Response,branch-s3b7,branch-dgjt
1,1753206769014,22/07/2025 17:52,1753206768779,1,22/07/2025 18:52,234742,9,questionnaire-ja44,,48252667,BLINDED,13861171,,complete,,,computer,Desktop or Laptop,Mac OS 10.15.7,Safari 18.1.1,1440x900,1440x820,,,,Consent form,5,selfreport_probe,No,BEGIN QUESTIONNAIRE,,Eligible,No Voucher
2,1753206854638,22/07/2025 17:54,1753206854402,1,22/07/2025 18:54,234742,9,questionnaire-ja44,,48252667,BLINDED,13861171,,complete,,,computer,Desktop or Laptop,Mac OS 10.15.7,Safari 18.1.1,1440x900,1440x820,,,,Consent form,5,selfreport_probe,No,consent1,1,Eligible,No Voucher
3,1753206854712,22/07/2025 17:54,1753206854404,1,22/07/2025 18:54,234742,9,questionnaire-ja44,,48252667,BLINDED,13861171,,complete,,,computer,Desktop or Laptop,Mac OS 10.15.7,Safari 18.1.1,1440x900,1440x820,,,,Consent form,5,selfreport_probe,No,consent2,1,Eligible,No Voucher
4,1753206854712,22/07/2025 17:54,1753206854404,1,22/07/2025 18:54,234742,9,questionnaire-ja44,,48252667,BLINDED,13861171,,complete,,,computer,Desktop or Laptop,Mac OS 10.15.7,Safari 18.1.1,1440x900,1440x820,,,,Consent form,5,selfreport_probe,No,consent3,1,Eligible,No Voucher
5,1753206854712,22/07/2025 17:54,1753206854404,1,22/07/2025 18:54,234742,9,questionnaire-ja44,,48252667,BLINDED,13861171,,complete,,,computer,Desktop or Laptop,Mac OS 10.15.7,Safari 18.1.1,1440x900,1440x820,,,,Consent form,5,selfreport_probe,No,consent5,1,Eligible,No Voucher
6,1753206854712,22/07/2025 17:54,1753206854404,1,22/07/2025 18:54,234742,9,questionnaire-ja44,,48252667,BLINDED,13861171,,complete,,,computer,Desktop or Laptop,Mac OS 10.15.7,Safari 18.1.1,1440x900,1440x820,,,,Consent form,5,selfreport_probe,No,consent6,1,Eligible,No Voucher
7,1753206854712,22/07/2025 17:54,1753206854404,1,22/07/2025 18:54,234742,9,questionnaire-ja44,,48252667,BLINDED,13861171,,complete,,,computer,Desktop or Laptop,Mac OS 10.15.7,Safari 18.1.1,1440x900,1440x820,,,,Consent form,5,selfreport_probe,No,consent7,1,Eligible,No Voucher
8,1753206854712,22/07/2025 17:54,1753206854404,1,22/07/2025 18:54,234742,9,questionnaire-ja44,,48252667,BLINDED,13861171,,complete,,,computer,Desktop or Laptop,Mac OS 10.15.7,Safari 18.1.1,1440x900,1440x820,,,,Consent form,5,selfreport_probe,No,consent8,1,Eligible,No Voucher
9,1753206854712,22/07/2025 17:54,1753206854404,1,22/07/2025 18:54,234742,9,questionnaire-ja44,,48252667,BLINDED,13861171,,complete,,,computer,Desktop or Laptop,Mac OS 10.15.7,Safari 18.1.1,1440x900,1440x820,,,,Consent form,5,selfreport_probe,No,consent9,1,Eligible,No Voucher
10,1753206854712,22/07/2025 17:54,1753206854405,1,22/07/2025 18:54,234742,9,questionnaire-ja44,,48252667,BLINDED,13861171,,complete,,,computer,Desktop or Laptop,Mac OS 10.15.7,Safari 18.1.1,1440x900,1440x820,,,,Consent form,5,selfreport_probe,No,consent10,1,Eligible,No Voucher
11,1753206854712,22/07/2025 17:54,1753206854405,1,22/07/2025 18:54,234742,9,questionnaire-ja44,,48252667,BLINDED,13861171,,complete,,,computer,Desktop or Laptop,Mac OS 10.15.7,Safari 18.1.1,1440x900,1440x820,,,,Consent form,5,selfreport_probe,No,END QUESTIONNAIRE,85626,Eligible,No Voucher
1,1753260059857,23/07/2025 08:40,1753260059758,1,23/07/2025 09:40,234742,9,questionnaire-ja44,,48259985,BLINDED,13862736,,complete,,,computer,Desktop or Laptop,Mac OS 10.15.7,Safari 18.1.1,1440x900,1424x718,,,,Consent form,5,probe_selfreport,No,BEGIN QUESTIONNAIRE,,Eligible,Voucher
2,1753260088767,23/07/2025 08:41,1753260088725,1,23/07/2025 09:41,234742,9,questionnaire-ja44,,48259985,BLINDED,13862736,,complete,,,computer,Desktop or Laptop,Mac OS 10.15.7,Safari 18.1.1,1440x900,1424x718,,,,Consent form,5,probe_selfreport,No,consent1,1,Eligible,Voucher
3,1753260088850,23/07/2025 08:41,1753260088729,1,23/07/2025 09:41,234742,9,questionnaire-ja44,,48259985,BLINDED,13862736,,complete,,,computer,Desktop or Laptop,Mac OS 10.15.7,Safari 18.1.1,1440x900,1424x718,,,,Consent form,5,probe_selfreport,No,consent2,1,Eligible,Voucher
4,1753260088850,23/07/2025 08:41,1753260088729,1,23/07/2025 09:41,234742,9,questionnaire-ja44,,48259985,BLINDED,13862736,,complete,,,computer,Desktop or Laptop,Mac OS 10.15.7,Safari 18.1.1,1440x900,1424x718,,,,Consent form,5,probe_selfreport,No,consent3,1,Eligible,Voucher
5,1753260088850,23/07/2025 08:41,1753260088729,1,23/07/2025 09:41,234742,9,questionnaire-ja44,,48259985,BLINDED,13862736,,complete,,,computer,Desktop or Laptop,Mac OS 10.15.7,Safari 18.1.1,1440x900,1424x718,,,,Consent form,5,probe_selfreport,No,consent5,1,Eligible,Voucher
6,1753260088850,23/07/2025 08:41,1753260088729,1,23/07/2025 09:41,234742,9,questionnaire-ja44,,48259985,BLINDED,13862736,,complete,,,computer,Desktop or Laptop,Mac OS 10.15.7,Safari 18.1.1,1440x900,1424x718,,,,Consent form,5,probe_selfreport,No,consent6,1,Eligible,Voucher
7,1753260088850,23/07/2025 08:41,1753260088729,1,23/07/2025 09:41,234742,9,questionnaire-ja44,,48259985,BLINDED,13862736,,complete,,,computer,Desktop or Laptop,Mac OS 10.15.7,Safari 18.1.1,1440x900,1424x718,,,,Consent form,5,probe_selfreport,No,consent7,1,Eligible,Voucher
8,1753260088850,23/07/2025 08:41,1753260088729,1,23/07/2025 09:41,234742,9,questionnaire-ja44,,48259985,BLINDED,13862736,,complete,,,computer,Desktop or Laptop,Mac OS 10.15.7,Safari 18.1.1,1440x900,1424x718,,,,Consent form,5,probe_selfreport,No,consent8,1,Eligible,Voucher
9,1753260088850,23/07/2025 08:41,1753260088729,1,23/07/2025 09:41,234742,9,questionnaire-ja44,,48259985,BLINDED,13862736,,complete,,,computer,Desktop or Laptop,Mac OS 10.15.7,Safari 18.1.1,1440x900,1424x718,,,,Consent form,5,probe_selfreport,No,consent9,1,Eligible,Voucher
10,1753260088850,23/07/2025 08:41,1753260088729,1,23/07/2025 09:41,234742,9,questionnaire-ja44,,48259985,BLINDED,13862736,,complete,,,computer,Desktop or Laptop,Mac OS 10.15.7,Safari 18.1.1,1440x900,1424x718,,,,Consent form,5,probe_selfreport,No,consent10,1,Eligible,Voucher
11,1753260088850,23/07/2025 08:41,1753260088729,1,23/07/2025 09:41,234742,9,questionnaire-ja44,,48259985,BLINDED,13862736,,complete,,,computer,Desktop or Laptop,Mac OS 10.15.7,Safari 18.1.1,1440x900,1424x718,,,,Consent form,5,probe_selfreport,No,END QUESTIONNAIRE,28971,Eligible,Voucher
1,1753262972544,23/07/2025 09:29,1753262974110,1,23/07/2025 10:29,234742,9,questionnaire-ja44,,48260721,BLINDED,13863654,,complete,,,computer,Desktop or Laptop,Windows 10,Edge 138.0.0.0,1280x720,1272x594,,,,Consent form,5,selfreport_probe,No,BEGIN QUESTIONNAIRE,,Eligible,Voucher
2,1753263005414,23/07/2025 09:30,1753263007305,1,23/07/2025 10:30,234742,9,questionnaire-ja44,,48260721,BLINDED,13863654,,complete,,,computer,Desktop or Laptop,Windows 10,Edge 138.0.0.0,1280x720,1257x594,,,,Consent form,5,selfreport_probe,No,consent1,1,Eligible,Voucher
3,1753263005518,23/07/2025 09:30,1753263007306,1,23/07/2025 10:30,234742,9,questionnaire-ja44,,48260721,BLINDED,13863654,,complete,,,computer,Desktop or Laptop,Windows 10,Edge 138.0.0.0,1280x720,1257x594,,,,Consent form,5,selfreport_probe,No,consent2,1,Eligible,Voucher
4,1753263005518,23/07/2025 09:30,1753263007306,1,23/07/2025 10:30,234742,9,questionnaire-ja44,,48260721,BLINDED,13863654,,complete,,,computer,Desktop or Laptop,Windows 10,Edge 138.0.0.0,1280x720,1257x594,,,,Consent form,5,selfreport_probe,No,consent3,1,Eligible,Voucher
5,1753263005518,23/07/2025 09:30,1753263007307,1,23/07/2025 10:30,234742,9,questionnaire-ja44,,48260721,BLINDED,13863654,,complete,,,computer,Desktop or Laptop,Windows 10,Edge 138.0.0.0,1280x720,1257x594,,,,Consent form,5,selfreport_probe,No,consent5,1,Eligible,Voucher
6,1753263005518,23/07/2025 09:30,1753263007307,1,23/07/2025 10:30,234742,9,questionnaire-ja44,,48260721,BLINDED,13863654,,complete,,,computer,Desktop or Laptop,Windows 10,Edge 138.0.0.0,1280x720,1257x594,,,,Consent form,5,selfreport_probe,No,consent6,1,Eligible,Voucher
7,1753263005518,23/07/2025 09:30,1753263007307,1,23/07/2025 10:30,234742,9,questionnaire-ja44,,48260721,BLINDED,13863654,,complete,,,computer,Desktop or Laptop,Windows 10,Edge 138.0.0.0,1280x720,1257x594,,,,Consent form,5,selfreport_probe,No,consent7,1,Eligible,Voucher
8,1753263005518,23/07/2025 09:30,1753263007307,1,23/07/2025 10:30,234742,9,questionnaire-ja44,,48260721,BLINDED,13863654,,complete,,,computer,Desktop or Laptop,Windows 10,Edge 138.0.0.0,1280x720,1257x594,,,,Consent form,5,selfreport_probe,No,consent8,1,Eligible,Voucher
9,1753263005518,23/07/2025 09:30,1753263007307,1,23/07/2025 10:30,234742,9,questionnaire-ja44,,48260721,BLINDED,13863654,,complete,,,computer,Desktop or Laptop,Windows 10,Edge 138.0.0.0,1280x720,1257x594,,,,Consent form,5,selfreport_probe,No,consent9,1,Eligible,Voucher
10,1753263005518,23/07/2025 09:30,1753263007307,1,23/07/2025 10:30,234742,9,questionnaire-ja44,,48260721,BLINDED,13863654,,complete,,,computer,Desktop or Laptop,Windows 10,Edge 138.0.0.0,1280x720,1257x594,,,,Consent form,5,selfreport_probe,No,consent10,1,Eligible,Voucher
11,1753263005518,23/07/2025 09:30,1753263007307,1,23/07/2025 10:30,234742,9,questionnaire-ja44,,48260721,BLINDED,13863654,,complete,,,computer,Desktop or Laptop,Windows 10,Edge 138.0.0.0,1280x720,1257x594,,,,Consent form,5,selfreport_probe,No,END QUESTIONNAIRE,33197,Eligible,Voucher
1,1753264055250,23/07/2025 09:47,1753264055155,1,23/07/2025 10:47,234742,9,questionnaire-ja44,,48260963,BLINDED,13863726,,complete,,,computer,Desktop or Laptop,Mac OS 10.15.7,Safari 15.6.1,1152x720,1152x640,,,,Consent form,5,probe_selfreport,No,BEGIN QUESTIONNAIRE,,Eligible,Voucher
2,1753264516841,23/07/2025 09:55,1753264516663,1,23/07/2025 10:55,234742,9,questionnaire-ja44,,48260963,BLINDED,13863726,,complete,,,computer,Desktop or Laptop,Mac OS 10.15.7,Safari 15.6.1,1152x720,1152x640,,,,Consent form,5,probe_selfreport,No,consent1,1,Eligible,Voucher
3,1753264516923,23/07/2025 09:55,1753264516666,1,23/07/2025 10:55,234742,9,questionnaire-ja44,,48260963,BLINDED,13863726,,complete,,,computer,Desktop or Laptop,Mac OS 10.15.7,Safari 15.6.1,1152x720,1152x640,,,,Consent form,5,probe_selfreport,No,consent2,1,Eligible,Voucher
4,1753264516923,23/07/2025 09:55,1753264516666,1,23/07/2025 10:55,234742,9,questionnaire-ja44,,48260963,BLINDED,13863726,,complete,,,computer,Desktop or Laptop,Mac OS 10.15.7,Safari 15.6.1,1152x720,1152x640,,,,Consent form,5,probe_selfreport,No,consent3,1,Eligible,Voucher
5,1753264516923,23/07/2025 09:55,1753264516666,1,23/07/2025 10:55,234742,9,questionnaire-ja44,,48260963,BLINDED,13863726,,complete,,,computer,Desktop or Laptop,Mac OS 10.15.7,Safari 15.6.1,1152x720,1152x640,,,,Consent form,5,probe_selfreport,No,consent5,1,Eligible,Voucher
6,1753264516923,23/07/2025 09:55,1753264516666,1,23/07/2025 10:55,234742,9,questionnaire-ja44,,48260963,BLINDED,13863726,,complete,,,computer,Desktop or Laptop,Mac OS 10.15.7,Safari 15.6.1,1152x720,1152x640,,,,Consent form,5,probe_selfreport,No,consent6,1,Eligible,Voucher
7,1753264516923,23/07/2025 09:55,1753264516666,1,23/07/2025 10:55,234742,9,questionnaire-ja44,,48260963,BLINDED,13863726,,complete,,,computer,Desktop or Laptop,Mac OS 10.15.7,Safari 15.6.1,1152x720,1152x640,,,,Consent form,5,probe_selfreport,No,consent7,1,Eligible,Voucher
8,1753264516923,23/07/2025 09:55,1753264516666,1,23/07/2025 10:55,234742,9,questionnaire-ja44,,48260963,BLINDED,13863726,,complete,,,computer,Desktop or Laptop,Mac OS 10.15.7,Safari 15.6.1,1152x720,1152x640,,,,Consent form,5,probe_selfreport,No,consent8,1,Eligible,Voucher
9,1753264516923,23/07/2025 09:55,1753264516666,1,23/07/2025 10:55,234742,9,questionnaire-ja44,,48260963,BLINDED,13863726,,complete,,,computer,Desktop or Laptop,Mac OS 10.15.7,Safari 15.6.1,1152x720,1152x640,,,,Consent form,5,probe_selfreport,No,consent9,1,Eligible,Voucher
10,1753264516923,23/07/2025 09:55,1753264516666,1,23/07/2025 10:55,234742,9,questionnaire-ja44,,48260963,BLINDED,13863726,,complete,,,computer,Desktop or Laptop,Mac OS 10.15.7,Safari 15.6.1,1152x720,1152x640,,,,Consent form,5,probe_selfreport,No,consent10,1,Eligible,Voucher
11,1753264516923,23/07/2025 09:55,1753264516666,1,23/07/2025 10:55,234742,9,questionnaire-ja44,,48260963,BLINDED,13863726,,complete,,,computer,Desktop or Laptop,Mac OS 10.15.7,Safari 15.6.1,1152x720,1152x640,,,,Consent form,5,probe_selfreport,No,END QUESTIONNAIRE,461511,Eligible,Voucher
1,1753273769269,23/07/2025 12:29,1753273769322,1,23/07/2025 13:29,234742,9,questionnaire-ja44,,48265335,BLINDED,13865096,,complete,,,computer,Desktop or Laptop,Windows 10,Edge 138.0.0.0,1536x864,1528x708,,,,Consent form,5,selfreport_probe,No,BEGIN QUESTIONNAIRE,,Eligible,Voucher
2,1753273826273,23/07/2025 12:30,1753273826370,1,23/07/2025 13:30,234742,9,questionnaire-ja44,,48265335,BLINDED,13865096,,complete,,,computer,Desktop or Laptop,Windows 10,Edge 138.0.0.0,1536x864,1513x708,,,,Consent form,5,selfreport_probe,No,consent1,1,Eligible,Voucher
3,1753273826345,23/07/2025 12:30,1753273826373,1,23/07/2025 13:30,234742,9,questionnaire-ja44,,48265335,BLINDED,13865096,,complete,,,computer,Desktop or Laptop,Windows 10,Edge 138.0.0.0,1536x864,1513x708,,,,Consent form,5,selfreport_probe,No,consent2,1,Eligible,Voucher
4,1753273826345,23/07/2025 12:30,1753273826374,1,23/07/2025 13:30,234742,9,questionnaire-ja44,,48265335,BLINDED,13865096,,complete,,,computer,Desktop or Laptop,Windows 10,Edge 138.0.0.0,1536x864,1513x708,,,,Consent form,5,selfreport_probe,No,consent3,1,Eligible,Voucher
5,1753273826345,23/07/2025 12:30,1753273826374,1,23/07/2025 13:30,234742,9,questionnaire-ja44,,48265335,BLINDED,13865096,,complete,,,computer,Desktop or Laptop,Windows 10,Edge 138.0.0.0,1536x864,1513x708,,,,Consent form,5,selfreport_probe,No,consent5,1,Eligible,Voucher
6,1753273826345,23/07/2025 12:30,1753273826375,1,23/07/2025 13:30,234742,9,questionnaire-ja44,,48265335,BLINDED,13865096,,complete,,,computer,Desktop or Laptop,Windows 10,Edge 138.0.0.0,1536x864,1513x708,,,,Consent form,5,selfreport_probe,No,consent6,1,Eligible,Voucher
7,1753273826345,23/07/2025 12:30,1753273826375,1,23/07/2025 13:30,234742,9,questionnaire-ja44,,48265335,BLINDED,13865096,,complete,,,computer,Desktop or Laptop,Windows 10,Edge 138.0.0.0,1536x864,1513x708,,,,Consent form,5,selfreport_probe,No,consent7,1,Eligible,Voucher
8,1753273826345,23/07/2025 12:30,1753273826375,1,23/07/2025 13:30,234742,9,questionnaire-ja44,,48265335,BLINDED,13865096,,complete,,,computer,Desktop or Laptop,Windows 10,Edge 138.0.0.0,1536x864,1513x708,,,,Consent form,5,selfreport_probe,No,consent8,1,Eligible,Voucher
9,1753273826345,23/07/2025 12:30,1753273826376,1,23/07/2025 13:30,234742,9,questionnaire-ja44,,48265335,BLINDED,13865096,,complete,,,computer,Desktop or Laptop,Windows 10,Edge 138.0.0.0,1536x864,1513x708,,,,Consent form,5,selfreport_probe,No,consent9,1,Eligible,Voucher
10,1753273826345,23/07/2025 12:30,1753273826376,1,23/07/2025 13:30,234742,9,questionnaire-ja44,,48265335,BLINDED,13865096,,complete,,,computer,Desktop or Laptop,Windows 10,Edge 138.0.0.0,1536x864,1513x708,,,,Consent form,5,selfreport_probe,No,consent10,1,Eligible,Voucher
11,1753273826345,23/07/2025 12:30,1753273826377,1,23/07/2025 13:30,234742,9,questionnaire-ja44,,48265335,BLINDED,13865096,,complete,,,computer,Desktop or Laptop,Windows 10,Edge 138.0.0.0,1536x864,1513x708,,,,Consent form,5,selfreport_probe,No,END QUESTIONNAIRE,57055,Eligible,Voucher
1,1753278895198,23/07/2025 13:54,1753278895233,1,23/07/2025 14:54,234742,9,questionnaire-ja44,,48267171,BLINDED,13865493,,complete,,,computer,Desktop or Laptop,Windows 10,Edge 138.0.0.0,1536x864,1528x708,,,,Consent form,5,probe_selfreport,No,BEGIN QUESTIONNAIRE,,Eligible,Voucher
2,1753278920635,23/07/2025 13:55,1753278920700,1,23/07/2025 14:55,234742,9,questionnaire-ja44,,48267171,BLINDED,13865493,,complete,,,computer,Desktop or Laptop,Windows 10,Edge 138.0.0.0,1536x864,1513x708,,,,Consent form,5,probe_selfreport,No,consent1,1,Eligible,Voucher
3,1753278920692,23/07/2025 13:55,1753278920701,1,23/07/2025 14:55,234742,9,questionnaire-ja44,,48267171,BLINDED,13865493,,complete,,,computer,Desktop or Laptop,Windows 10,Edge 138.0.0.0,1536x864,1513x708,,,,Consent form,5,probe_selfreport,No,consent2,1,Eligible,Voucher
4,1753278920692,23/07/2025 13:55,1753278920701,1,23/07/2025 14:55,234742,9,questionnaire-ja44,,48267171,BLINDED,13865493,,complete,,,computer,Desktop or Laptop,Windows 10,Edge 138.0.0.0,1536x864,1513x708,,,,Consent form,5,probe_selfreport,No,consent3,1,Eligible,Voucher
5,1753278920692,23/07/2025 13:55,1753278920701,1,23/07/2025 14:55,234742,9,questionnaire-ja44,,48267171,BLINDED,13865493,,complete,,,computer,Desktop or Laptop,Windows 10,Edge 138.0.0.0,1536x864,1513x708,,,,Consent form,5,probe_selfreport,No,consent5,1,Eligible,Voucher
6,1753278920692,23/07/2025 13:55,1753278920701,1,23/07/2025 14:55,234742,9,questionnaire-ja44,,48267171,BLINDED,13865493,,complete,,,computer,Desktop or Laptop,Windows 10,Edge 138.0.0.0,1536x864,1513x708,,,,Consent form,5,probe_selfreport,No,consent6,1,Eligible,Voucher
7,1753278920692,23/07/2025 13:55,1753278920702,1,23/07/2025 14:55,234742,9,questionnaire-ja44,,48267171,BLINDED,13865493,,complete,,,computer,Desktop or Laptop,Windows 10,Edge 138.0.0.0,1536x864,1513x708,,,,Consent form,5,probe_selfreport,No,consent7,1,Eligible,Voucher
8,1753278920692,23/07/2025 13:55,1753278920702,1,23/07/2025 14:55,234742,9,questionnaire-ja44,,48267171,BLINDED,13865493,,complete,,,computer,Desktop or Laptop,Windows 10,Edge 138.0.0.0,1536x864,1513x708,,,,Consent form,5,probe_selfreport,No,consent8,1,Eligible,Voucher
9,1753278920692,23/07/2025 13:55,1753278920702,1,23/07/2025 14:55,234742,9,questionnaire-ja44,,48267171,BLINDED,13865493,,complete,,,computer,Desktop or Laptop,Windows 10,Edge 138.0.0.0,1536x864,1513x708,,,,Consent form,5,probe_selfreport,No,consent9,1,Eligible,Voucher
10,1753278920692,23/07/2025 13:55,1753278920702,1,23/07/2025 14:55,234742,9,questionnaire-ja44,,48267171,BLINDED,13865493,,complete,,,computer,Desktop or Laptop,Windows 10,Edge 138.0.0.0,1536x864,1513x708,,,,Consent form,5,probe_selfreport,No,consent10,1,Eligible,Voucher
11,1753278920692,23/07/2025 13:55,1753278920702,1,23/07/2025 14:55,234742,9,questionnaire-ja44,,48267171,BLINDED,13865493,,complete,,,computer,Desktop or Laptop,Windows 10,Edge 138.0.0.0,1536x864,1513x708,,,,Consent form,5,probe_selfreport,No,END QUESTIONNAIRE,25469,Eligible,Voucher
1,1753307847151,23/07/2025 21:57,1753307847014,1,23/07/2025 22:57,234742,9,questionnaire-ja44,,48277893,BLINDED,13867638,,complete,,,computer,Desktop or Laptop,Mac OS 10.15.7,Safari 18.5,820x1180,820x1073,,,,Consent form,5,probe_selfreport,No,BEGIN QUESTIONNAIRE,,Eligible,No Voucher
2,1753307854611,23/07/2025 21:57,1753307854502,1,23/07/2025 22:57,234742,9,questionnaire-ja44,,48277893,BLINDED,13867638,,complete,,,computer,Desktop or Laptop,Mac OS 10.15.7,Safari 18.5,820x1180,820x1073,,,,Consent form,5,probe_selfreport,No,consent1,1,Eligible,No Voucher
3,1753307854685,23/07/2025 21:57,1753307854503,1,23/07/2025 22:57,234742,9,questionnaire-ja44,,48277893,BLINDED,13867638,,complete,,,computer,Desktop or Laptop,Mac OS 10.15.7,Safari 18.5,820x1180,820x1073,,,,Consent form,5,probe_selfreport,No,consent2,1,Eligible,No Voucher
4,1753307854685,23/07/2025 21:57,1753307854503,1,23/07/2025 22:57,234742,9,questionnaire-ja44,,48277893,BLINDED,13867638,,complete,,,computer,Desktop or Laptop,Mac OS 10.15.7,Safari 18.5,820x1180,820x1073,,,,Consent form,5,probe_selfreport,No,consent3,1,Eligible,No Voucher
5,1753307854685,23/07/2025 21:57,1753307854503,1,23/07/2025 22:57,234742,9,questionnaire-ja44,,48277893,BLINDED,13867638,,complete,,,computer,Desktop or Laptop,Mac OS 10.15.7,Safari 18.5,820x1180,820x1073,,,,Consent form,5,probe_selfreport,No,consent5,1,Eligible,No Voucher
6,1753307854685,23/07/2025 21:57,1753307854503,1,23/07/2025 22:57,234742,9,questionnaire-ja44,,48277893,BLINDED,13867638,,complete,,,computer,Desktop or Laptop,Mac OS 10.15.7,Safari 18.5,820x1180,820x1073,,,,Consent form,5,probe_selfreport,No,consent6,1,Eligible,No Voucher
7,1753307854685,23/07/2025 21:57,1753307854503,1,23/07/2025 22:57,234742,9,questionnaire-ja44,,48277893,BLINDED,13867638,,complete,,,computer,Desktop or Laptop,Mac OS 10.15.7,Safari 18.5,820x1180,820x1073,,,,Consent form,5,probe_selfreport,No,consent7,1,Eligible,No Voucher
8,1753307854685,23/07/2025 21:57,1753307854503,1,23/07/2025 22:57,234742,9,questionnaire-ja44,,48277893,BLINDED,13867638,,complete,,,computer,Desktop or Laptop,Mac OS 10.15.7,Safari 18.5,820x1180,820x1073,,,,Consent form,5,probe_selfreport,No,consent8,1,Eligible,No Voucher
9,1753307854685,23/07/2025 21:57,1753307854503,1,23/07/2025 22:57,234742,9,questionnaire-ja44,,48277893,BLINDED,13867638,,complete,,,computer,Desktop or Laptop,Mac OS 10.15.7,Safari 18.5,820x1180,820x1073,,,,Consent form,5,probe_selfreport,No,consent9,1,Eligible,No Voucher
10,1753307854685,23/07/2025 21:57,1753307854503,1,23/07/2025 22:57,234742,9,questionnaire-ja44,,48277893,BLINDED,13867638,,complete,,,computer,Desktop or Laptop,Mac OS 10.15.7,Safari 18.5,820x1180,820x1073,,,,Consent form,5,probe_selfreport,No,consent10,1,Eligible,No Voucher
11,1753307854685,23/07/2025 21:57,1753307854503,1,23/07/2025 22:57,234742,9,questionnaire-ja44,,48277893,BLINDED,13867638,,complete,,,computer,Desktop or Laptop,Mac OS 10.15.7,Safari 18.5,820x1180,820x1073,,,,Consent form,5,probe_selfreport,No,END QUESTIONNAIRE,7489,Eligible,No Voucher
1,1753351352667,24/07/2025 10:02,1753351352665,1,24/07/2025 11:02,234742,9,questionnaire-ja44,,48283355,BLINDED,13869196,,complete,,,computer,Desktop or Laptop,Windows 10,Chrome 138.0.0.0,1280x720,1280x551,,,,Consent form,5,selfreport_probe,No,BEGIN QUESTIONNAIRE,,Eligible,Voucher
2,1753351365875,24/07/2025 10:02,1753351365908,1,24/07/2025 11:02,234742,9,questionnaire-ja44,,48283355,BLINDED,13869196,,complete,,,computer,Desktop or Laptop,Windows 10,Chrome 138.0.0.0,1280x720,1265x551,,,,Consent form,5,selfreport_probe,No,consent1,1,Eligible,Voucher
3,1753351365964,24/07/2025 10:02,1753351365909,1,24/07/2025 11:02,234742,9,questionnaire-ja44,,48283355,BLINDED,13869196,,complete,,,computer,Desktop or Laptop,Windows 10,Chrome 138.0.0.0,1280x720,1265x551,,,,Consent form,5,selfreport_probe,No,consent2,1,Eligible,Voucher
4,1753351365964,24/07/2025 10:02,1753351365909,1,24/07/2025 11:02,234742,9,questionnaire-ja44,,48283355,BLINDED,13869196,,complete,,,computer,Desktop or Laptop,Windows 10,Chrome 138.0.0.0,1280x720,1265x551,,,,Consent form,5,selfreport_probe,No,consent3,1,Eligible,Voucher
5,1753351365964,24/07/2025 10:02,1753351365910,1,24/07/2025 11:02,234742,9,questionnaire-ja44,,48283355,BLINDED,13869196,,complete,,,computer,Desktop or Laptop,Windows 10,Chrome 138.0.0.0,1280x720,1265x551,,,,Consent form,5,selfreport_probe,No,consent5,1,Eligible,Voucher
6,1753351365964,24/07/2025 10:02,1753351365910,1,24/07/2025 11:02,234742,9,questionnaire-ja44,,48283355,BLINDED,13869196,,complete,,,computer,Desktop or Laptop,Windows 10,Chrome 138.0.0.0,1280x720,1265x551,,,,Consent form,5,selfreport_probe,No,consent6,1,Eligible,Voucher
7,1753351365964,24/07/2025 10:02,1753351365910,1,24/07/2025 11:02,234742,9,questionnaire-ja44,,48283355,BLINDED,13869196,,complete,,,computer,Desktop or Laptop,Windows 10,Chrome 138.0.0.0,1280x720,1265x551,,,,Consent form,5,selfreport_probe,No,consent7,1,Eligible,Voucher
8,1753351365964,24/07/2025 10:02,1753351365910,1,24/07/2025 11:02,234742,9,questionnaire-ja44,,48283355,BLINDED,13869196,,complete,,,computer,Desktop or Laptop,Windows 10,Chrome 138.0.0.0,1280x720,1265x551,,,,Consent form,5,selfreport_probe,No,consent8,1,Eligible,Voucher
9,1753351365964,24/07/2025 10:02,1753351365910,1,24/07/2025 11:02,234742,9,questionnaire-ja44,,48283355,BLINDED,13869196,,complete,,,computer,Desktop or Laptop,Windows 10,Chrome 138.0.0.0,1280x720,1265x551,,,,Consent form,5,selfreport_probe,No,consent9,1,Eligible,Voucher
10,1753351365964,24/07/2025 10:02,1753351365910,1,24/07/2025 11:02,234742,9,questionnaire-ja44,,48283355,BLINDED,13869196,,complete,,,computer,Desktop or Laptop,Windows 10,Chrome 138.0.0.0,1280x720,1265x551,,,,Consent form,5,selfreport_probe,No,consent10,1,Eligible,Voucher
11,1753351365964,24/07/2025 10:02,1753351365910,1,24/07/2025 11:02,234742,9,questionnaire-ja44,,48283355,BLINDED,13869196,,complete,,,computer,Desktop or Laptop,Windows 10,Chrome 138.0.0.0,1280x720,1265x551,,,,Consent form,5,selfreport_probe,No,END QUESTIONNAIRE,13245,Eligible,Voucher
1,1753352952647,24/07/2025 10:29,1753353041986,1,24/07/2025 11:30,234742,9,questionnaire-ja44,,48283773,BLINDED,13869316,,complete,,,computer,Desktop or Laptop,Windows 10,Edge 136.0.0.0,1504x1003,1449x879,,,,Consent form,5,probe_selfreport,No,BEGIN QUESTIONNAIRE,,Eligible,Voucher
2,1753352969797,24/07/2025 10:29,1753353059163,1,24/07/2025 11:30,234742,9,questionnaire-ja44,,48283773,BLINDED,13869316,,complete,,,computer,Desktop or Laptop,Windows 10,Edge 136.0.0.0,1504x1003,1434x879,,,,Consent form,5,probe_selfreport,No,consent1,1,Eligible,Voucher
3,1753352969981,24/07/2025 10:29,1753353059165,1,24/07/2025 11:30,234742,9,questionnaire-ja44,,48283773,BLINDED,13869316,,complete,,,computer,Desktop or Laptop,Windows 10,Edge 136.0.0.0,1504x1003,1434x879,,,,Consent form,5,probe_selfreport,No,consent2,1,Eligible,Voucher
4,1753352969981,24/07/2025 10:29,1753353059166,1,24/07/2025 11:30,234742,9,questionnaire-ja44,,48283773,BLINDED,13869316,,complete,,,computer,Desktop or Laptop,Windows 10,Edge 136.0.0.0,1504x1003,1434x879,,,,Consent form,5,probe_selfreport,No,consent3,1,Eligible,Voucher
5,1753352969981,24/07/2025 10:29,1753353059166,1,24/07/2025 11:30,234742,9,questionnaire-ja44,,48283773,BLINDED,13869316,,complete,,,computer,Desktop or Laptop,Windows 10,Edge 136.0.0.0,1504x1003,1434x879,,,,Consent form,5,probe_selfreport,No,consent5,1,Eligible,Voucher
6,1753352969981,24/07/2025 10:29,1753353059166,1,24/07/2025 11:30,234742,9,questionnaire-ja44,,48283773,BLINDED,13869316,,complete,,,computer,Desktop or Laptop,Windows 10,Edge 136.0.0.0,1504x1003,1434x879,,,,Consent form,5,probe_selfreport,No,consent6,1,Eligible,Voucher
7,1753352969981,24/07/2025 10:29,1753353059166,1,24/07/2025 11:30,234742,9,questionnaire-ja44,,48283773,BLINDED,13869316,,complete,,,computer,Desktop or Laptop,Windows 10,Edge 136.0.0.0,1504x1003,1434x879,,,,Consent form,5,probe_selfreport,No,consent7,1,Eligible,Voucher
8,1753352969981,24/07/2025 10:29,1753353059166,1,24/07/2025 11:30,234742,9,questionnaire-ja44,,48283773,BLINDED,13869316,,complete,,,computer,Desktop or Laptop,Windows 10,Edge 136.0.0.0,1504x1003,1434x879,,,,Consent form,5,probe_selfreport,No,consent8,1,Eligible,Voucher
9,1753352969981,24/07/2025 10:29,1753353059167,1,24/07/2025 11:30,234742,9,questionnaire-ja44,,48283773,BLINDED,13869316,,complete,,,computer,Desktop or Laptop,Windows 10,Edge 136.0.0.0,1504x1003,1434x879,,,,Consent form,5,probe_selfreport,No,consent9,1,Eligible,Voucher
10,1753352969981,24/07/2025 10:29,1753353059167,1,24/07/2025 11:30,234742,9,questionnaire-ja44,,48283773,BLINDED,13869316,,complete,,,computer,Desktop or Laptop,Windows 10,Edge 136.0.0.0,1504x1003,1434x879,,,,Consent form,5,probe_selfreport,No,consent10,1,Eligible,Voucher
11,1753352969981,24/07/2025 10:29,1753353059167,1,24/07/2025 11:30,234742,9,questionnaire-ja44,,48283773,BLINDED,13869316,,complete,,,computer,Desktop or Laptop,Windows 10,Edge 136.0.0.0,1504x1003,1434x879,,,,Consent form,5,probe_selfreport,No,END QUESTIONNAIRE,17181,Eligible,Voucher
1,1753353008126,24/07/2025 10:30,1753352921100,1,24/07/2025 11:28,234742,9,questionnaire-ja44,,48283805,BLINDED,13869340,,complete,,,computer,Desktop or Laptop,Windows 10,Chrome 138.0.0.0,1280x720,1280x585,,,,Consent form,5,probe_selfreport,No,BEGIN QUESTIONNAIRE,,Eligible,Voucher
2,1753353041585,24/07/2025 10:30,1753352954524,1,24/07/2025 11:29,234742,9,questionnaire-ja44,,48283805,BLINDED,13869340,,complete,,,computer,Desktop or Laptop,Windows 10,Chrome 138.0.0.0,1280x720,1265x585,,,,Consent form,5,probe_selfreport,No,consent1,1,Eligible,Voucher
3,1753353041629,24/07/2025 10:30,1753352954528,1,24/07/2025 11:29,234742,9,questionnaire-ja44,,48283805,BLINDED,13869340,,complete,,,computer,Desktop or Laptop,Windows 10,Chrome 138.0.0.0,1280x720,1265x585,,,,Consent form,5,probe_selfreport,No,consent2,1,Eligible,Voucher
4,1753353041629,24/07/2025 10:30,1753352954528,1,24/07/2025 11:29,234742,9,questionnaire-ja44,,48283805,BLINDED,13869340,,complete,,,computer,Desktop or Laptop,Windows 10,Chrome 138.0.0.0,1280x720,1265x585,,,,Consent form,5,probe_selfreport,No,consent3,1,Eligible,Voucher
5,1753353041629,24/07/2025 10:30,1753352954529,1,24/07/2025 11:29,234742,9,questionnaire-ja44,,48283805,BLINDED,13869340,,complete,,,computer,Desktop or Laptop,Windows 10,Chrome 138.0.0.0,1280x720,1265x585,,,,Consent form,5,probe_selfreport,No,consent5,1,Eligible,Voucher
6,1753353041629,24/07/2025 10:30,1753352954529,1,24/07/2025 11:29,234742,9,questionnaire-ja44,,48283805,BLINDED,13869340,,complete,,,computer,Desktop or Laptop,Windows 10,Chrome 138.0.0.0,1280x720,1265x585,,,,Consent form,5,probe_selfreport,No,consent6,1,Eligible,Voucher
7,1753353041629,24/07/2025 10:30,1753352954529,1,24/07/2025 11:29,234742,9,questionnaire-ja44,,48283805,BLINDED,13869340,,complete,,,computer,Desktop or Laptop,Windows 10,Chrome 138.0.0.0,1280x720,1265x585,,,,Consent form,5,probe_selfreport,No,consent7,1,Eligible,Voucher
8,1753353041629,24/07/2025 10:30,1753352954529,1,24/07/2025 11:29,234742,9,questionnaire-ja44,,48283805,BLINDED,13869340,,complete,,,computer,Desktop or Laptop,Windows 10,Chrome 138.0.0.0,1280x720,1265x585,,,,Consent form,5,probe_selfreport,No,consent8,1,Eligible,Voucher
9,1753353041629,24/07/2025 10:30,1753352954529,1,24/07/2025 11:29,234742,9,questionnaire-ja44,,48283805,BLINDED,13869340,,complete,,,computer,Desktop or Laptop,Windows 10,Chrome 138.0.0.0,1280x720,1265x585,,,,Consent form,5,probe_selfreport,No,consent9,1,Eligible,Voucher
10,1753353041629,24/07/2025 10:30,1753352954530,1,24/07/2025 11:29,234742,9,questionnaire-ja44,,48283805,BLINDED,13869340,,complete,,,computer,Desktop or Laptop,Windows 10,Chrome 138.0.0.0,1280x720,1265x585,,,,Consent form,5,probe_selfreport,No,consent10,1,Eligible,Voucher
11,1753353041629,24/07/2025 10:30,1753352954530,1,24/07/2025 11:29,234742,9,questionnaire-ja44,,48283805,BLINDED,13869340,,complete,,,computer,Desktop or Laptop,Windows 10,Chrome 138.0.0.0,1280x720,1265x585,,,,Consent form,5,probe_selfreport,No,END QUESTIONNAIRE,33430,Eligible,Voucher
1,1753386942239,24/07/2025 19:55,1753386942401,1,24/07/2025 20:55,234742,9,questionnaire-ja44,,48295990,BLINDED,13872305,,complete,,,computer,Desktop or Laptop,Windows 10,Edge 138.0.0.0,1280x720,1272x564,,,,Consent form,5,selfreport_probe,No,BEGIN QUESTIONNAIRE,,Eligible,Voucher
2,1753386952175,24/07/2025 19:55,1753386952388,1,24/07/2025 20:55,234742,9,questionnaire-ja44,,48295990,BLINDED,13872305,,complete,,,computer,Desktop or Laptop,Windows 10,Edge 138.0.0.0,1280x720,1257x564,,,,Consent form,5,selfreport_probe,No,consent1,1,Eligible,Voucher
3,1753386952238,24/07/2025 19:55,1753386952389,1,24/07/2025 20:55,234742,9,questionnaire-ja44,,48295990,BLINDED,13872305,,complete,,,computer,Desktop or Laptop,Windows 10,Edge 138.0.0.0,1280x720,1257x564,,,,Consent form,5,selfreport_probe,No,consent2,1,Eligible,Voucher
4,1753386952238,24/07/2025 19:55,1753386952390,1,24/07/2025 20:55,234742,9,questionnaire-ja44,,48295990,BLINDED,13872305,,complete,,,computer,Desktop or Laptop,Windows 10,Edge 138.0.0.0,1280x720,1257x564,,,,Consent form,5,selfreport_probe,No,consent3,1,Eligible,Voucher
5,1753386952238,24/07/2025 19:55,1753386952390,1,24/07/2025 20:55,234742,9,questionnaire-ja44,,48295990,BLINDED,13872305,,complete,,,computer,Desktop or Laptop,Windows 10,Edge 138.0.0.0,1280x720,1257x564,,,,Consent form,5,selfreport_probe,No,consent5,1,Eligible,Voucher
6,1753386952238,24/07/2025 19:55,1753386952390,1,24/07/2025 20:55,234742,9,questionnaire-ja44,,48295990,BLINDED,13872305,,complete,,,computer,Desktop or Laptop,Windows 10,Edge 138.0.0.0,1280x720,1257x564,,,,Consent form,5,selfreport_probe,No,consent6,1,Eligible,Voucher
7,1753386952238,24/07/2025 19:55,1753386952390,1,24/07/2025 20:55,234742,9,questionnaire-ja44,,48295990,BLINDED,13872305,,complete,,,computer,Desktop or Laptop,Windows 10,Edge 138.0.0.0,1280x720,1257x564,,,,Consent form,5,selfreport_probe,No,consent7,1,Eligible,Voucher
8,1753386952238,24/07/2025 19:55,1753386952391,1,24/07/2025 20:55,234742,9,questionnaire-ja44,,48295990,BLINDED,13872305,,complete,,,computer,Desktop or Laptop,Windows 10,Edge 138.0.0.0,1280x720,1257x564,,,,Consent form,5,selfreport_probe,No,consent8,1,Eligible,Voucher
9,1753386952238,24/07/2025 19:55,1753386952391,1,24/07/2025 20:55,234742,9,questionnaire-ja44,,48295990,BLINDED,13872305,,complete,,,computer,Desktop or Laptop,Windows 10,Edge 138.0.0.0,1280x720,1257x564,,,,Consent form,5,selfreport_probe,No,consent9,1,Eligible,Voucher
10,1753386952238,24/07/2025 19:55,1753386952391,1,24/07/2025 20:55,234742,9,questionnaire-ja44,,48295990,BLINDED,13872305,,complete,,,computer,Desktop or Laptop,Windows 10,Edge 138.0.0.0,1280x720,1257x564,,,,Consent form,5,selfreport_probe,No,consent10,1,Eligible,Voucher
11,1753386952238,24/07/2025 19:55,1753386952392,1,24/07/2025 20:55,234742,9,questionnaire-ja44,,48295990,BLINDED,13872305,,complete,,,computer,Desktop or Laptop,Windows 10,Edge 138.0.0.0,1280x720,1257x564,,,,Consent form,5,selfreport_probe,No,END QUESTIONNAIRE,9991,Eligible,Voucher
1,1753394994437,24/07/2025 22:09,1753394994396,1,24/07/2025 23:09,234742,9,questionnaire-ja44,,48297355,BLINDED,13872675,,complete,,,computer,Desktop or Laptop,Mac OS 10.15.7,Chrome 138.0.0.0,1440x900,1440x778,,,,Consent form,5,selfreport_probe,No,BEGIN QUESTIONNAIRE,,Eligible,No Voucher
2,1753395001401,24/07/2025 22:10,1753395001375,1,24/07/2025 23:10,234742,9,questionnaire-ja44,,48297355,BLINDED,13872675,,complete,,,computer,Desktop or Laptop,Mac OS 10.15.7,Chrome 138.0.0.0,1440x900,1440x778,,,,Consent form,5,selfreport_probe,No,consent1,1,Eligible,No Voucher
3,1753395001478,24/07/2025 22:10,1753395001377,1,24/07/2025 23:10,234742,9,questionnaire-ja44,,48297355,BLINDED,13872675,,complete,,,computer,Desktop or Laptop,Mac OS 10.15.7,Chrome 138.0.0.0,1440x900,1440x778,,,,Consent form,5,selfreport_probe,No,consent2,1,Eligible,No Voucher
4,1753395001478,24/07/2025 22:10,1753395001377,1,24/07/2025 23:10,234742,9,questionnaire-ja44,,48297355,BLINDED,13872675,,complete,,,computer,Desktop or Laptop,Mac OS 10.15.7,Chrome 138.0.0.0,1440x900,1440x778,,,,Consent form,5,selfreport_probe,No,consent3,1,Eligible,No Voucher
5,1753395001478,24/07/2025 22:10,1753395001377,1,24/07/2025 23:10,234742,9,questionnaire-ja44,,48297355,BLINDED,13872675,,complete,,,computer,Desktop or Laptop,Mac OS 10.15.7,Chrome 138.0.0.0,1440x900,1440x778,,,,Consent form,5,selfreport_probe,No,consent5,1,Eligible,No Voucher
6,1753395001478,24/07/2025 22:10,1753395001377,1,24/07/2025 23:10,234742,9,questionnaire-ja44,,48297355,BLINDED,13872675,,complete,,,computer,Desktop or Laptop,Mac OS 10.15.7,Chrome 138.0.0.0,1440x900,1440x778,,,,Consent form,5,selfreport_probe,No,consent6,1,Eligible,No Voucher
7,1753395001478,24/07/2025 22:10,1753395001377,1,24/07/2025 23:10,234742,9,questionnaire-ja44,,48297355,BLINDED,13872675,,complete,,,computer,Desktop or Laptop,Mac OS 10.15.7,Chrome 138.0.0.0,1440x900,1440x778,,,,Consent form,5,selfreport_probe,No,consent7,1,Eligible,No Voucher
8,1753395001478,24/07/2025 22:10,1753395001377,1,24/07/2025 23:10,234742,9,questionnaire-ja44,,48297355,BLINDED,13872675,,complete,,,computer,Desktop or Laptop,Mac OS 10.15.7,Chrome 138.0.0.0,1440x900,1440x778,,,,Consent form,5,selfreport_probe,No,consent8,1,Eligible,No Voucher
9,1753395001478,24/07/2025 22:10,1753395001377,1,24/07/2025 23:10,234742,9,questionnaire-ja44,,48297355,BLINDED,13872675,,complete,,,computer,Desktop or Laptop,Mac OS 10.15.7,Chrome 138.0.0.0,1440x900,1440x778,,,,Consent form,5,selfreport_probe,No,consent9,1,Eligible,No Voucher
10,1753395001478,24/07/2025 22:10,1753395001377,1,24/07/2025 23:10,234742,9,questionnaire-ja44,,48297355,BLINDED,13872675,,complete,,,computer,Desktop or Laptop,Mac OS 10.15.7,Chrome 138.0.0.0,1440x900,1440x778,,,,Consent form,5,selfreport_probe,No,consent10,1,Eligible,No Voucher
11,1753395001478,24/07/2025 22:10,1753395001377,1,24/07/2025 23:10,234742,9,questionnaire-ja44,,48297355,BLINDED,13872675,,complete,,,computer,Desktop or Laptop,Mac OS 10.15.7,Chrome 138.0.0.0,1440x900,1440x778,,,,Consent form,5,selfreport_probe,No,END QUESTIONNAIRE,6981,Eligible,No Voucher
1,1753432215096,25/07/2025 08:30,1753432216060,1,25/07/2025 09:30,234742,9,questionnaire-ja44,,48302908,BLINDED,13873740,,complete,,,computer,Desktop or Laptop,Windows 10,Chrome 138.0.0.0,1536x864,1536x730,,,,Consent form,5,probe_selfreport,No,BEGIN QUESTIONNAIRE,,Eligible,Voucher
2,1753432223430,25/07/2025 08:30,1753432224428,1,25/07/2025 09:30,234742,9,questionnaire-ja44,,48302908,BLINDED,13873740,,complete,,,computer,Desktop or Laptop,Windows 10,Chrome 138.0.0.0,1536x864,1521x730,,,,Consent form,5,probe_selfreport,No,consent1,1,Eligible,Voucher
3,1753432223494,25/07/2025 08:30,1753432224430,1,25/07/2025 09:30,234742,9,questionnaire-ja44,,48302908,BLINDED,13873740,,complete,,,computer,Desktop or Laptop,Windows 10,Chrome 138.0.0.0,1536x864,1521x730,,,,Consent form,5,probe_selfreport,No,consent2,1,Eligible,Voucher
4,1753432223494,25/07/2025 08:30,1753432224430,1,25/07/2025 09:30,234742,9,questionnaire-ja44,,48302908,BLINDED,13873740,,complete,,,computer,Desktop or Laptop,Windows 10,Chrome 138.0.0.0,1536x864,1521x730,,,,Consent form,5,probe_selfreport,No,consent3,1,Eligible,Voucher
5,1753432223494,25/07/2025 08:30,1753432224430,1,25/07/2025 09:30,234742,9,questionnaire-ja44,,48302908,BLINDED,13873740,,complete,,,computer,Desktop or Laptop,Windows 10,Chrome 138.0.0.0,1536x864,1521x730,,,,Consent form,5,probe_selfreport,No,consent5,1,Eligible,Voucher
6,1753432223494,25/07/2025 08:30,1753432224430,1,25/07/2025 09:30,234742,9,questionnaire-ja44,,48302908,BLINDED,13873740,,complete,,,computer,Desktop or Laptop,Windows 10,Chrome 138.0.0.0,1536x864,1521x730,,,,Consent form,5,probe_selfreport,No,consent6,1,Eligible,Voucher
7,1753432223494,25/07/2025 08:30,1753432224431,1,25/07/2025 09:30,234742,9,questionnaire-ja44,,48302908,BLINDED,13873740,,complete,,,computer,Desktop or Laptop,Windows 10,Chrome 138.0.0.0,1536x864,1521x730,,,,Consent form,5,probe_selfreport,No,consent7,1,Eligible,Voucher
8,1753432223494,25/07/2025 08:30,1753432224431,1,25/07/2025 09:30,234742,9,questionnaire-ja44,,48302908,BLINDED,13873740,,complete,,,computer,Desktop or Laptop,Windows 10,Chrome 138.0.0.0,1536x864,1521x730,,,,Consent form,5,probe_selfreport,No,consent8,1,Eligible,Voucher
9,1753432223494,25/07/2025 08:30,1753432224431,1,25/07/2025 09:30,234742,9,questionnaire-ja44,,48302908,BLINDED,13873740,,complete,,,computer,Desktop or Laptop,Windows 10,Chrome 138.0.0.0,1536x864,1521x730,,,,Consent form,5,probe_selfreport,No,consent9,1,Eligible,Voucher
10,1753432223494,25/07/2025 08:30,1753432224431,1,25/07/2025 09:30,234742,9,questionnaire-ja44,,48302908,BLINDED,13873740,,complete,,,computer,Desktop or Laptop,Windows 10,Chrome 138.0.0.0,1536x864,1521x730,,,,Consent form,5,probe_selfreport,No,consent10,1,Eligible,Voucher
11,1753432223494,25/07/2025 08:30,1753432224432,1,25/07/2025 09:30,234742,9,questionnaire-ja44,,48302908,BLINDED,13873740,,complete,,,computer,Desktop or Laptop,Windows 10,Chrome 138.0.0.0,1536x864,1521x730,,,,Consent form,5,probe_selfreport,No,END QUESTIONNAIRE,8372,Eligible,Voucher
1,1753456347818,25/07/2025 15:12,1753456347752,1,25/07/2025 16:12,234742,9,questionnaire-ja44,,48313736,BLINDED,13875906,,complete,,,computer,Desktop or Laptop,Mac OS 10.15.7,Chrome 137.0.0.0,1470x956,1470x832,,,,Consent form,5,selfreport_probe,No,BEGIN QUESTIONNAIRE,,Eligible,No Voucher
2,1753456357062,25/07/2025 15:12,1753456356972,1,25/07/2025 16:12,234742,9,questionnaire-ja44,,48313736,BLINDED,13875906,,complete,,,computer,Desktop or Laptop,Mac OS 10.15.7,Chrome 137.0.0.0,1470x956,1470x832,,,,Consent form,5,selfreport_probe,No,consent1,1,Eligible,No Voucher
3,1753456357106,25/07/2025 15:12,1753456356973,1,25/07/2025 16:12,234742,9,questionnaire-ja44,,48313736,BLINDED,13875906,,complete,,,computer,Desktop or Laptop,Mac OS 10.15.7,Chrome 137.0.0.0,1470x956,1470x832,,,,Consent form,5,selfreport_probe,No,consent2,1,Eligible,No Voucher
4,1753456357106,25/07/2025 15:12,1753456356973,1,25/07/2025 16:12,234742,9,questionnaire-ja44,,48313736,BLINDED,13875906,,complete,,,computer,Desktop or Laptop,Mac OS 10.15.7,Chrome 137.0.0.0,1470x956,1470x832,,,,Consent form,5,selfreport_probe,No,consent3,1,Eligible,No Voucher
5,1753456357106,25/07/2025 15:12,1753456356973,1,25/07/2025 16:12,234742,9,questionnaire-ja44,,48313736,BLINDED,13875906,,complete,,,computer,Desktop or Laptop,Mac OS 10.15.7,Chrome 137.0.0.0,1470x956,1470x832,,,,Consent form,5,selfreport_probe,No,consent5,1,Eligible,No Voucher
6,1753456357106,25/07/2025 15:12,1753456356973,1,25/07/2025 16:12,234742,9,questionnaire-ja44,,48313736,BLINDED,13875906,,complete,,,computer,Desktop or Laptop,Mac OS 10.15.7,Chrome 137.0.0.0,1470x956,1470x832,,,,Consent form,5,selfreport_probe,No,consent6,1,Eligible,No Voucher
7,1753456357106,25/07/2025 15:12,1753456356973,1,25/07/2025 16:12,234742,9,questionnaire-ja44,,48313736,BLINDED,13875906,,complete,,,computer,Desktop or Laptop,Mac OS 10.15.7,Chrome 137.0.0.0,1470x956,1470x832,,,,Consent form,5,selfreport_probe,No,consent7,1,Eligible,No Voucher
8,1753456357106,25/07/2025 15:12,1753456356973,1,25/07/2025 16:12,234742,9,questionnaire-ja44,,48313736,BLINDED,13875906,,complete,,,computer,Desktop or Laptop,Mac OS 10.15.7,Chrome 137.0.0.0,1470x956,1470x832,,,,Consent form,5,selfreport_probe,No,consent8,1,Eligible,No Voucher
9,1753456357106,25/07/2025 15:12,1753456356973,1,25/07/2025 16:12,234742,9,questionnaire-ja44,,48313736,BLINDED,13875906,,complete,,,computer,Desktop or Laptop,Mac OS 10.15.7,Chrome 137.0.0.0,1470x956,1470x832,,,,Consent form,5,selfreport_probe,No,consent9,1,Eligible,No Voucher
10,1753456357106,25/07/2025 15:12,1753456356973,1,25/07/2025 16:12,234742,9,questionnaire-ja44,,48313736,BLINDED,13875906,,complete,,,computer,Desktop or Laptop,Mac OS 10.15.7,Chrome 137.0.0.0,1470x956,1470x832,,,,Consent form,5,selfreport_probe,No,consent10,1,Eligible,No Voucher
11,1753456357106,25/07/2025 15:12,1753456356974,1,25/07/2025 16:12,234742,9,questionnaire-ja44,,48313736,BLINDED,13875906,,complete,,,computer,Desktop or Laptop,Mac OS 10.15.7,Chrome 137.0.0.0,1470x956,1470x832,,,,Consent form,5,selfreport_probe,No,END QUESTIONNAIRE,9222,Eligible,No Voucher
1,1753457205179,25/07/2025 15:26,1753454516308,1,25/07/2025 15:41,234742,9,questionnaire-ja44,,48314134,BLINDED,13875978,,complete,,,computer,Desktop or Laptop,Mac OS 10.15.7,Safari 18.4,1440x900,1190x729,,,,Consent form,5,probe_selfreport,No,BEGIN QUESTIONNAIRE,,Eligible,Voucher
2,1753457240691,25/07/2025 15:27,1753454551843,1,25/07/2025 15:42,234742,9,questionnaire-ja44,,48314134,BLINDED,13875978,,complete,,,computer,Desktop or Laptop,Mac OS 10.15.7,Safari 18.4,1440x900,1190x729,,,,Consent form,5,probe_selfreport,No,consent1,1,Eligible,Voucher
3,1753457240784,25/07/2025 15:27,1753454551845,1,25/07/2025 15:42,234742,9,questionnaire-ja44,,48314134,BLINDED,13875978,,complete,,,computer,Desktop or Laptop,Mac OS 10.15.7,Safari 18.4,1440x900,1190x729,,,,Consent form,5,probe_selfreport,No,consent2,1,Eligible,Voucher
4,1753457240784,25/07/2025 15:27,1753454551845,1,25/07/2025 15:42,234742,9,questionnaire-ja44,,48314134,BLINDED,13875978,,complete,,,computer,Desktop or Laptop,Mac OS 10.15.7,Safari 18.4,1440x900,1190x729,,,,Consent form,5,probe_selfreport,No,consent3,1,Eligible,Voucher
5,1753457240784,25/07/2025 15:27,1753454551845,1,25/07/2025 15:42,234742,9,questionnaire-ja44,,48314134,BLINDED,13875978,,complete,,,computer,Desktop or Laptop,Mac OS 10.15.7,Safari 18.4,1440x900,1190x729,,,,Consent form,5,probe_selfreport,No,consent5,1,Eligible,Voucher
6,1753457240784,25/07/2025 15:27,1753454551845,1,25/07/2025 15:42,234742,9,questionnaire-ja44,,48314134,BLINDED,13875978,,complete,,,computer,Desktop or Laptop,Mac OS 10.15.7,Safari 18.4,1440x900,1190x729,,,,Consent form,5,probe_selfreport,No,consent6,1,Eligible,Voucher
7,1753457240784,25/07/2025 15:27,1753454551845,1,25/07/2025 15:42,234742,9,questionnaire-ja44,,48314134,BLINDED,13875978,,complete,,,computer,Desktop or Laptop,Mac OS 10.15.7,Safari 18.4,1440x900,1190x729,,,,Consent form,5,probe_selfreport,No,consent7,1,Eligible,Voucher
8,1753457240784,25/07/2025 15:27,1753454551845,1,25/07/2025 15:42,234742,9,questionnaire-ja44,,48314134,BLINDED,13875978,,complete,,,computer,Desktop or Laptop,Mac OS 10.15.7,Safari 18.4,1440x900,1190x729,,,,Consent form,5,probe_selfreport,No,consent8,1,Eligible,Voucher
9,1753457240784,25/07/2025 15:27,1753454551845,1,25/07/2025 15:42,234742,9,questionnaire-ja44,,48314134,BLINDED,13875978,,complete,,,computer,Desktop or Laptop,Mac OS 10.15.7,Safari 18.4,1440x900,1190x729,,,,Consent form,5,probe_selfreport,No,consent9,1,Eligible,Voucher
10,1753457240784,25/07/2025 15:27,1753454551845,1,25/07/2025 15:42,234742,9,questionnaire-ja44,,48314134,BLINDED,13875978,,complete,,,computer,Desktop or Laptop,Mac OS 10.15.7,Safari 18.4,1440x900,1190x729,,,,Consent form,5,probe_selfreport,No,consent10,1,Eligible,Voucher
11,1753457240784,25/07/2025 15:27,1753454551845,1,25/07/2025 15:42,234742,9,questionnaire-ja44,,48314134,BLINDED,13875978,,complete,,,computer,Desktop or Laptop,Mac OS 10.15.7,Safari 18.4,1440x900,1190x729,,,,Consent form,5,probe_selfreport,No,END QUESTIONNAIRE,35537,Eligible,Voucher
1,1753466903998,25/07/2025 18:08,1753466903881,1,25/07/2025 19:08,234742,9,questionnaire-ja44,,48316635,BLINDED,13876620,,complete,,,computer,Desktop or Laptop,Mac OS 10.15.7,Chrome 134.0.0.0,1440x900,1440x812,,,,Consent form,5,selfreport_probe,No,BEGIN QUESTIONNAIRE,,Eligible,Voucher
2,1753466966654,25/07/2025 18:09,1753466966467,1,25/07/2025 19:09,234742,9,questionnaire-ja44,,48316635,BLINDED,13876620,,complete,,,computer,Desktop or Laptop,Mac OS 10.15.7,Chrome 134.0.0.0,1440x900,1425x812,,,,Consent form,5,selfreport_probe,No,consent1,1,Eligible,Voucher
3,1753466966716,25/07/2025 18:09,1753466966468,1,25/07/2025 19:09,234742,9,questionnaire-ja44,,48316635,BLINDED,13876620,,complete,,,computer,Desktop or Laptop,Mac OS 10.15.7,Chrome 134.0.0.0,1440x900,1425x812,,,,Consent form,5,selfreport_probe,No,consent2,1,Eligible,Voucher
4,1753466966716,25/07/2025 18:09,1753466966468,1,25/07/2025 19:09,234742,9,questionnaire-ja44,,48316635,BLINDED,13876620,,complete,,,computer,Desktop or Laptop,Mac OS 10.15.7,Chrome 134.0.0.0,1440x900,1425x812,,,,Consent form,5,selfreport_probe,No,consent3,1,Eligible,Voucher
5,1753466966716,25/07/2025 18:09,1753466966469,1,25/07/2025 19:09,234742,9,questionnaire-ja44,,48316635,BLINDED,13876620,,complete,,,computer,Desktop or Laptop,Mac OS 10.15.7,Chrome 134.0.0.0,1440x900,1425x812,,,,Consent form,5,selfreport_probe,No,consent5,1,Eligible,Voucher
6,1753466966716,25/07/2025 18:09,1753466966469,1,25/07/2025 19:09,234742,9,questionnaire-ja44,,48316635,BLINDED,13876620,,complete,,,computer,Desktop or Laptop,Mac OS 10.15.7,Chrome 134.0.0.0,1440x900,1425x812,,,,Consent form,5,selfreport_probe,No,consent6,1,Eligible,Voucher
7,1753466966716,25/07/2025 18:09,1753466966469,1,25/07/2025 19:09,234742,9,questionnaire-ja44,,48316635,BLINDED,13876620,,complete,,,computer,Desktop or Laptop,Mac OS 10.15.7,Chrome 134.0.0.0,1440x900,1425x812,,,,Consent form,5,selfreport_probe,No,consent7,1,Eligible,Voucher
8,1753466966716,25/07/2025 18:09,1753466966469,1,25/07/2025 19:09,234742,9,questionnaire-ja44,,48316635,BLINDED,13876620,,complete,,,computer,Desktop or Laptop,Mac OS 10.15.7,Chrome 134.0.0.0,1440x900,1425x812,,,,Consent form,5,selfreport_probe,No,consent8,1,Eligible,Voucher
9,1753466966716,25/07/2025 18:09,1753466966469,1,25/07/2025 19:09,234742,9,questionnaire-ja44,,48316635,BLINDED,13876620,,complete,,,computer,Desktop or Laptop,Mac OS 10.15.7,Chrome 134.0.0.0,1440x900,1425x812,,,,Consent form,5,selfreport_probe,No,consent9,1,Eligible,Voucher
10,1753466966716,25/07/2025 18:09,1753466966469,1,25/07/2025 19:09,234742,9,questionnaire-ja44,,48316635,BLINDED,13876620,,complete,,,computer,Desktop or Laptop,Mac OS 10.15.7,Chrome 134.0.0.0,1440x900,1425x812,,,,Consent form,5,selfreport_probe,No,consent10,1,Eligible,Voucher
11,1753466966716,25/07/2025 18:09,1753466966469,1,25/07/2025 19:09,234742,9,questionnaire-ja44,,48316635,BLINDED,13876620,,complete,,,computer,Desktop or Laptop,Mac OS 10.15.7,Chrome 134.0.0.0,1440x900,1425x812,,,,Consent form,5,selfreport_probe,No,END QUESTIONNAIRE,62588,Eligible,Voucher
1,1753473873958,25/07/2025 20:04,1753473873873,1,25/07/2025 21:04,234742,9,questionnaire-ja44,,48318059,BLINDED,13876896,,complete,,,computer,Desktop or Laptop,Mac OS 10.15.7,Safari 18.5,1440x900,1440x837,,,,Consent form,5,probe_selfreport,No,BEGIN QUESTIONNAIRE,,Eligible,Voucher
2,1753473932761,25/07/2025 20:05,1753473932653,1,25/07/2025 21:05,234742,9,questionnaire-ja44,,48318059,BLINDED,13876896,,complete,,,computer,Desktop or Laptop,Mac OS 10.15.7,Safari 18.5,1440x900,1440x837,,,,Consent form,5,probe_selfreport,No,consent1,1,Eligible,Voucher
3,1753473932829,25/07/2025 20:05,1753473932655,1,25/07/2025 21:05,234742,9,questionnaire-ja44,,48318059,BLINDED,13876896,,complete,,,computer,Desktop or Laptop,Mac OS 10.15.7,Safari 18.5,1440x900,1440x837,,,,Consent form,5,probe_selfreport,No,consent2,1,Eligible,Voucher
4,1753473932829,25/07/2025 20:05,1753473932655,1,25/07/2025 21:05,234742,9,questionnaire-ja44,,48318059,BLINDED,13876896,,complete,,,computer,Desktop or Laptop,Mac OS 10.15.7,Safari 18.5,1440x900,1440x837,,,,Consent form,5,probe_selfreport,No,consent3,1,Eligible,Voucher
5,1753473932829,25/07/2025 20:05,1753473932655,1,25/07/2025 21:05,234742,9,questionnaire-ja44,,48318059,BLINDED,13876896,,complete,,,computer,Desktop or Laptop,Mac OS 10.15.7,Safari 18.5,1440x900,1440x837,,,,Consent form,5,probe_selfreport,No,consent5,1,Eligible,Voucher
6,1753473932829,25/07/2025 20:05,1753473932655,1,25/07/2025 21:05,234742,9,questionnaire-ja44,,48318059,BLINDED,13876896,,complete,,,computer,Desktop or Laptop,Mac OS 10.15.7,Safari 18.5,1440x900,1440x837,,,,Consent form,5,probe_selfreport,No,consent6,1,Eligible,Voucher
7,1753473932829,25/07/2025 20:05,1753473932655,1,25/07/2025 21:05,234742,9,questionnaire-ja44,,48318059,BLINDED,13876896,,complete,,,computer,Desktop or Laptop,Mac OS 10.15.7,Safari 18.5,1440x900,1440x837,,,,Consent form,5,probe_selfreport,No,consent7,1,Eligible,Voucher
8,1753473932829,25/07/2025 20:05,1753473932655,1,25/07/2025 21:05,234742,9,questionnaire-ja44,,48318059,BLINDED,13876896,,complete,,,computer,Desktop or Laptop,Mac OS 10.15.7,Safari 18.5,1440x900,1440x837,,,,Consent form,5,probe_selfreport,No,consent8,1,Eligible,Voucher
9,1753473932829,25/07/2025 20:05,1753473932655,1,25/07/2025 21:05,234742,9,questionnaire-ja44,,48318059,BLINDED,13876896,,complete,,,computer,Desktop or Laptop,Mac OS 10.15.7,Safari 18.5,1440x900,1440x837,,,,Consent form,5,probe_selfreport,No,consent9,1,Eligible,Voucher
10,1753473932829,25/07/2025 20:05,1753473932655,1,25/07/2025 21:05,234742,9,questionnaire-ja44,,48318059,BLINDED,13876896,,complete,,,computer,Desktop or Laptop,Mac OS 10.15.7,Safari 18.5,1440x900,1440x837,,,,Consent form,5,probe_selfreport,No,consent10,1,Eligible,Voucher
11,1753473932829,25/07/2025 20:05,1753473932655,1,25/07/2025 21:05,234742,9,questionnaire-ja44,,48318059,BLINDED,13876896,,complete,,,computer,Desktop or Laptop,Mac OS 10.15.7,Safari 18.5,1440x900,1440x837,,,,Consent form,5,probe_selfreport,No,END QUESTIONNAIRE,58782,Eligible,Voucher
1,1753546872753,26/07/2025 16:21,1753546873479,1,26/07/2025 17:21,234742,9,questionnaire-ja44,,48326463,BLINDED,13878596,,complete,,,computer,Desktop or Laptop,Windows 10,Edge 138.0.0.0,1536x864,1528x708,,,,Consent form,5,selfreport_probe,No,BEGIN QUESTIONNAIRE,,Eligible,Voucher
2,1753546890359,26/07/2025 16:21,1753546891088,1,26/07/2025 17:21,234742,9,questionnaire-ja44,,48326463,BLINDED,13878596,,complete,,,computer,Desktop or Laptop,Windows 10,Edge 138.0.0.0,1536x864,1513x708,,,,Consent form,5,selfreport_probe,No,consent1,1,Eligible,Voucher
3,1753546890404,26/07/2025 16:21,1753546891090,1,26/07/2025 17:21,234742,9,questionnaire-ja44,,48326463,BLINDED,13878596,,complete,,,computer,Desktop or Laptop,Windows 10,Edge 138.0.0.0,1536x864,1513x708,,,,Consent form,5,selfreport_probe,No,consent2,1,Eligible,Voucher
4,1753546890404,26/07/2025 16:21,1753546891091,1,26/07/2025 17:21,234742,9,questionnaire-ja44,,48326463,BLINDED,13878596,,complete,,,computer,Desktop or Laptop,Windows 10,Edge 138.0.0.0,1536x864,1513x708,,,,Consent form,5,selfreport_probe,No,consent3,1,Eligible,Voucher
5,1753546890404,26/07/2025 16:21,1753546891091,1,26/07/2025 17:21,234742,9,questionnaire-ja44,,48326463,BLINDED,13878596,,complete,,,computer,Desktop or Laptop,Windows 10,Edge 138.0.0.0,1536x864,1513x708,,,,Consent form,5,selfreport_probe,No,consent5,1,Eligible,Voucher
6,1753546890404,26/07/2025 16:21,1753546891091,1,26/07/2025 17:21,234742,9,questionnaire-ja44,,48326463,BLINDED,13878596,,complete,,,computer,Desktop or Laptop,Windows 10,Edge 138.0.0.0,1536x864,1513x708,,,,Consent form,5,selfreport_probe,No,consent6,1,Eligible,Voucher
7,1753546890404,26/07/2025 16:21,1753546891091,1,26/07/2025 17:21,234742,9,questionnaire-ja44,,48326463,BLINDED,13878596,,complete,,,computer,Desktop or Laptop,Windows 10,Edge 138.0.0.0,1536x864,1513x708,,,,Consent form,5,selfreport_probe,No,consent7,1,Eligible,Voucher
8,1753546890404,26/07/2025 16:21,1753546891091,1,26/07/2025 17:21,234742,9,questionnaire-ja44,,48326463,BLINDED,13878596,,complete,,,computer,Desktop or Laptop,Windows 10,Edge 138.0.0.0,1536x864,1513x708,,,,Consent form,5,selfreport_probe,No,consent8,1,Eligible,Voucher
9,1753546890404,26/07/2025 16:21,1753546891092,1,26/07/2025 17:21,234742,9,questionnaire-ja44,,48326463,BLINDED,13878596,,complete,,,computer,Desktop or Laptop,Windows 10,Edge 138.0.0.0,1536x864,1513x708,,,,Consent form,5,selfreport_probe,No,consent9,1,Eligible,Voucher
10,1753546890404,26/07/2025 16:21,1753546891092,1,26/07/2025 17:21,234742,9,questionnaire-ja44,,48326463,BLINDED,13878596,,complete,,,computer,Desktop or Laptop,Windows 10,Edge 138.0.0.0,1536x864,1513x708,,,,Consent form,5,selfreport_probe,No,consent10,1,Eligible,Voucher
11,1753546890404,26/07/2025 16:21,1753546891093,1,26/07/2025 17:21,234742,9,questionnaire-ja44,,48326463,BLINDED,13878596,,complete,,,computer,Desktop or Laptop,Windows 10,Edge 138.0.0.0,1536x864,1513x708,,,,Consent form,5,selfreport_probe,No,END QUESTIONNAIRE,17614,Eligible,Voucher
1,1753549012736,26/07/2025 16:56,1753549011634,1,26/07/2025 17:56,234742,9,questionnaire-ja44,,48326618,BLINDED,13878626,,complete,,,computer,Desktop or Laptop,Chromium OS 14541.0.0,Chrome 137.0.0.0,1366x768,1366x633,,,,Consent form,5,probe_selfreport,No,BEGIN QUESTIONNAIRE,,Eligible,Voucher
2,1753549027833,26/07/2025 16:57,1753549026643,1,26/07/2025 17:57,234742,9,questionnaire-ja44,,48326618,BLINDED,13878626,,complete,,,computer,Desktop or Laptop,Chromium OS 14541.0.0,Chrome 137.0.0.0,1366x768,1366x633,,,,Consent form,5,probe_selfreport,No,consent1,1,Eligible,Voucher
3,1753549027927,26/07/2025 16:57,1753549026649,1,26/07/2025 17:57,234742,9,questionnaire-ja44,,48326618,BLINDED,13878626,,complete,,,computer,Desktop or Laptop,Chromium OS 14541.0.0,Chrome 137.0.0.0,1366x768,1366x633,,,,Consent form,5,probe_selfreport,No,consent2,1,Eligible,Voucher
4,1753549027927,26/07/2025 16:57,1753549026650,1,26/07/2025 17:57,234742,9,questionnaire-ja44,,48326618,BLINDED,13878626,,complete,,,computer,Desktop or Laptop,Chromium OS 14541.0.0,Chrome 137.0.0.0,1366x768,1366x633,,,,Consent form,5,probe_selfreport,No,consent3,1,Eligible,Voucher
5,1753549027927,26/07/2025 16:57,1753549026651,1,26/07/2025 17:57,234742,9,questionnaire-ja44,,48326618,BLINDED,13878626,,complete,,,computer,Desktop or Laptop,Chromium OS 14541.0.0,Chrome 137.0.0.0,1366x768,1366x633,,,,Consent form,5,probe_selfreport,No,consent5,1,Eligible,Voucher
6,1753549027927,26/07/2025 16:57,1753549026652,1,26/07/2025 17:57,234742,9,questionnaire-ja44,,48326618,BLINDED,13878626,,complete,,,computer,Desktop or Laptop,Chromium OS 14541.0.0,Chrome 137.0.0.0,1366x768,1366x633,,,,Consent form,5,probe_selfreport,No,consent6,1,Eligible,Voucher
7,1753549027927,26/07/2025 16:57,1753549026653,1,26/07/2025 17:57,234742,9,questionnaire-ja44,,48326618,BLINDED,13878626,,complete,,,computer,Desktop or Laptop,Chromium OS 14541.0.0,Chrome 137.0.0.0,1366x768,1366x633,,,,Consent form,5,probe_selfreport,No,consent7,1,Eligible,Voucher
8,1753549027927,26/07/2025 16:57,1753549026654,1,26/07/2025 17:57,234742,9,questionnaire-ja44,,48326618,BLINDED,13878626,,complete,,,computer,Desktop or Laptop,Chromium OS 14541.0.0,Chrome 137.0.0.0,1366x768,1366x633,,,,Consent form,5,probe_selfreport,No,consent8,1,Eligible,Voucher
9,1753549027927,26/07/2025 16:57,1753549026655,1,26/07/2025 17:57,234742,9,questionnaire-ja44,,48326618,BLINDED,13878626,,complete,,,computer,Desktop or Laptop,Chromium OS 14541.0.0,Chrome 137.0.0.0,1366x768,1366x633,,,,Consent form,5,probe_selfreport,No,consent9,1,Eligible,Voucher
10,1753549027927,26/07/2025 16:57,1753549026656,1,26/07/2025 17:57,234742,9,questionnaire-ja44,,48326618,BLINDED,13878626,,complete,,,computer,Desktop or Laptop,Chromium OS 14541.0.0,Chrome 137.0.0.0,1366x768,1366x633,,,,Consent form,5,probe_selfreport,No,consent10,1,Eligible,Voucher
11,1753549027927,26/07/2025 16:57,1753549026658,1,26/07/2025 17:57,234742,9,questionnaire-ja44,,48326618,BLINDED,13878626,,complete,,,computer,Desktop or Laptop,Chromium OS 14541.0.0,Chrome 137.0.0.0,1366x768,1366x633,,,,Consent form,5,probe_selfreport,No,END QUESTIONNAIRE,15024,Eligible,Voucher
1,1753627088905,27/07/2025 14:38,1753627094289,1,27/07/2025 15:38,234742,9,questionnaire-ja44,,48335764,BLINDED,13880418,,complete,,,computer,Desktop or Laptop,Windows 10,Edge 137.0.0.0,1536x864,1528x639,,,,Consent form,5,probe_selfreport,No,BEGIN QUESTIONNAIRE,,Eligible,Voucher
2,1753627103217,27/07/2025 14:38,1753627108339,1,27/07/2025 15:38,234742,9,questionnaire-ja44,,48335764,BLINDED,13880418,,complete,,,computer,Desktop or Laptop,Windows 10,Edge 137.0.0.0,1536x864,1513x639,,,,Consent form,5,probe_selfreport,No,consent1,1,Eligible,Voucher
3,1753627103295,27/07/2025 14:38,1753627108342,1,27/07/2025 15:38,234742,9,questionnaire-ja44,,48335764,BLINDED,13880418,,complete,,,computer,Desktop or Laptop,Windows 10,Edge 137.0.0.0,1536x864,1513x639,,,,Consent form,5,probe_selfreport,No,consent2,1,Eligible,Voucher
4,1753627103295,27/07/2025 14:38,1753627108342,1,27/07/2025 15:38,234742,9,questionnaire-ja44,,48335764,BLINDED,13880418,,complete,,,computer,Desktop or Laptop,Windows 10,Edge 137.0.0.0,1536x864,1513x639,,,,Consent form,5,probe_selfreport,No,consent3,1,Eligible,Voucher
5,1753627103295,27/07/2025 14:38,1753627108342,1,27/07/2025 15:38,234742,9,questionnaire-ja44,,48335764,BLINDED,13880418,,complete,,,computer,Desktop or Laptop,Windows 10,Edge 137.0.0.0,1536x864,1513x639,,,,Consent form,5,probe_selfreport,No,consent5,1,Eligible,Voucher
6,1753627103295,27/07/2025 14:38,1753627108342,1,27/07/2025 15:38,234742,9,questionnaire-ja44,,48335764,BLINDED,13880418,,complete,,,computer,Desktop or Laptop,Windows 10,Edge 137.0.0.0,1536x864,1513x639,,,,Consent form,5,probe_selfreport,No,consent6,1,Eligible,Voucher
7,1753627103295,27/07/2025 14:38,1753627108343,1,27/07/2025 15:38,234742,9,questionnaire-ja44,,48335764,BLINDED,13880418,,complete,,,computer,Desktop or Laptop,Windows 10,Edge 137.0.0.0,1536x864,1513x639,,,,Consent form,5,probe_selfreport,No,consent7,1,Eligible,Voucher
8,1753627103295,27/07/2025 14:38,1753627108343,1,27/07/2025 15:38,234742,9,questionnaire-ja44,,48335764,BLINDED,13880418,,complete,,,computer,Desktop or Laptop,Windows 10,Edge 137.0.0.0,1536x864,1513x639,,,,Consent form,5,probe_selfreport,No,consent8,1,Eligible,Voucher
9,1753627103295,27/07/2025 14:38,1753627108343,1,27/07/2025 15:38,234742,9,questionnaire-ja44,,48335764,BLINDED,13880418,,complete,,,computer,Desktop or Laptop,Windows 10,Edge 137.0.0.0,1536x864,1513x639,,,,Consent form,5,probe_selfreport,No,consent9,1,Eligible,Voucher
10,1753627103295,27/07/2025 14:38,1753627108343,1,27/07/2025 15:38,234742,9,questionnaire-ja44,,48335764,BLINDED,13880418,,complete,,,computer,Desktop or Laptop,Windows 10,Edge 137.0.0.0,1536x864,1513x639,,,,Consent form,5,probe_selfreport,No,consent10,1,Eligible,Voucher
11,1753627103295,27/07/2025 14:38,1753627108344,1,27/07/2025 15:38,234742,9,questionnaire-ja44,,48335764,BLINDED,13880418,,complete,,,computer,Desktop or Laptop,Windows 10,Edge 137.0.0.0,1536x864,1513x639,,,,Consent form,5,probe_selfreport,No,END QUESTIONNAIRE,14055,Eligible,Voucher
1,1753673215351,28/07/2025 03:26,1753673214983,1,28/07/2025 04:26,234742,9,questionnaire-ja44,,48340472,BLINDED,13881637,,complete,,,computer,Desktop or Laptop,Windows 10,Chrome 138.0.0.0,1707x1067,1707x898,,,,Consent form,5,selfreport_probe,No,BEGIN QUESTIONNAIRE,,Eligible,Voucher
2,1753673223996,28/07/2025 03:27,1753673223582,1,28/07/2025 04:27,234742,9,questionnaire-ja44,,48340472,BLINDED,13881637,,complete,,,computer,Desktop or Laptop,Windows 10,Chrome 138.0.0.0,1707x1067,1692x898,,,,Consent form,5,selfreport_probe,No,consent1,1,Eligible,Voucher
3,1753673224112,28/07/2025 03:27,1753673223583,1,28/07/2025 04:27,234742,9,questionnaire-ja44,,48340472,BLINDED,13881637,,complete,,,computer,Desktop or Laptop,Windows 10,Chrome 138.0.0.0,1707x1067,1692x898,,,,Consent form,5,selfreport_probe,No,consent2,1,Eligible,Voucher
4,1753673224112,28/07/2025 03:27,1753673223584,1,28/07/2025 04:27,234742,9,questionnaire-ja44,,48340472,BLINDED,13881637,,complete,,,computer,Desktop or Laptop,Windows 10,Chrome 138.0.0.0,1707x1067,1692x898,,,,Consent form,5,selfreport_probe,No,consent3,1,Eligible,Voucher
5,1753673224112,28/07/2025 03:27,1753673223584,1,28/07/2025 04:27,234742,9,questionnaire-ja44,,48340472,BLINDED,13881637,,complete,,,computer,Desktop or Laptop,Windows 10,Chrome 138.0.0.0,1707x1067,1692x898,,,,Consent form,5,selfreport_probe,No,consent5,1,Eligible,Voucher
6,1753673224112,28/07/2025 03:27,1753673223584,1,28/07/2025 04:27,234742,9,questionnaire-ja44,,48340472,BLINDED,13881637,,complete,,,computer,Desktop or Laptop,Windows 10,Chrome 138.0.0.0,1707x1067,1692x898,,,,Consent form,5,selfreport_probe,No,consent6,1,Eligible,Voucher
7,1753673224112,28/07/2025 03:27,1753673223584,1,28/07/2025 04:27,234742,9,questionnaire-ja44,,48340472,BLINDED,13881637,,complete,,,computer,Desktop or Laptop,Windows 10,Chrome 138.0.0.0,1707x1067,1692x898,,,,Consent form,5,selfreport_probe,No,consent7,1,Eligible,Voucher
8,1753673224112,28/07/2025 03:27,1753673223584,1,28/07/2025 04:27,234742,9,questionnaire-ja44,,48340472,BLINDED,13881637,,complete,,,computer,Desktop or Laptop,Windows 10,Chrome 138.0.0.0,1707x1067,1692x898,,,,Consent form,5,selfreport_probe,No,consent8,1,Eligible,Voucher
9,1753673224112,28/07/2025 03:27,1753673223584,1,28/07/2025 04:27,234742,9,questionnaire-ja44,,48340472,BLINDED,13881637,,complete,,,computer,Desktop or Laptop,Windows 10,Chrome 138.0.0.0,1707x1067,1692x898,,,,Consent form,5,selfreport_probe,No,consent9,1,Eligible,Voucher
10,1753673224112,28/07/2025 03:27,1753673223584,1,28/07/2025 04:27,234742,9,questionnaire-ja44,,48340472,BLINDED,13881637,,complete,,,computer,Desktop or Laptop,Windows 10,Chrome 138.0.0.0,1707x1067,1692x898,,,,Consent form,5,selfreport_probe,No,consent10,1,Eligible,Voucher
11,1753673224112,28/07/2025 03:27,1753673223584,1,28/07/2025 04:27,234742,9,questionnaire-ja44,,48340472,BLINDED,13881637,,complete,,,computer,Desktop or Laptop,Windows 10,Chrome 138.0.0.0,1707x1067,1692x898,,,,Consent form,5,selfreport_probe,No,END QUESTIONNAIRE,8601,Eligible,Voucher
1,1753700415789,28/07/2025 11:00,1753700419445,1,28/07/2025 12:00,234742,9,questionnaire-ja44,,48346875,BLINDED,13883538,,complete,,,computer,Desktop or Laptop,Windows 10,Edge 138.0.0.0,1536x864,1528x708,,,,Consent form,5,selfreport_probe,No,BEGIN QUESTIONNAIRE,,Eligible,Voucher
2,1753700442577,28/07/2025 11:00,1753700446267,1,28/07/2025 12:00,234742,9,questionnaire-ja44,,48346875,BLINDED,13883538,,complete,,,computer,Desktop or Laptop,Windows 10,Edge 138.0.0.0,1536x864,1513x708,,,,Consent form,5,selfreport_probe,No,consent1,1,Eligible,Voucher
3,1753700442686,28/07/2025 11:00,1753700446269,1,28/07/2025 12:00,234742,9,questionnaire-ja44,,48346875,BLINDED,13883538,,complete,,,computer,Desktop or Laptop,Windows 10,Edge 138.0.0.0,1536x864,1513x708,,,,Consent form,5,selfreport_probe,No,consent2,1,Eligible,Voucher
4,1753700442686,28/07/2025 11:00,1753700446269,1,28/07/2025 12:00,234742,9,questionnaire-ja44,,48346875,BLINDED,13883538,,complete,,,computer,Desktop or Laptop,Windows 10,Edge 138.0.0.0,1536x864,1513x708,,,,Consent form,5,selfreport_probe,No,consent3,1,Eligible,Voucher
5,1753700442686,28/07/2025 11:00,1753700446270,1,28/07/2025 12:00,234742,9,questionnaire-ja44,,48346875,BLINDED,13883538,,complete,,,computer,Desktop or Laptop,Windows 10,Edge 138.0.0.0,1536x864,1513x708,,,,Consent form,5,selfreport_probe,No,consent5,1,Eligible,Voucher
6,1753700442686,28/07/2025 11:00,1753700446270,1,28/07/2025 12:00,234742,9,questionnaire-ja44,,48346875,BLINDED,13883538,,complete,,,computer,Desktop or Laptop,Windows 10,Edge 138.0.0.0,1536x864,1513x708,,,,Consent form,5,selfreport_probe,No,consent6,1,Eligible,Voucher
7,1753700442686,28/07/2025 11:00,1753700446270,1,28/07/2025 12:00,234742,9,questionnaire-ja44,,48346875,BLINDED,13883538,,complete,,,computer,Desktop or Laptop,Windows 10,Edge 138.0.0.0,1536x864,1513x708,,,,Consent form,5,selfreport_probe,No,consent7,1,Eligible,Voucher
8,1753700442686,28/07/2025 11:00,1753700446271,1,28/07/2025 12:00,234742,9,questionnaire-ja44,,48346875,BLINDED,13883538,,complete,,,computer,Desktop or Laptop,Windows 10,Edge 138.0.0.0,1536x864,1513x708,,,,Consent form,5,selfreport_probe,No,consent8,1,Eligible,Voucher
9,1753700442686,28/07/2025 11:00,1753700446271,1,28/07/2025 12:00,234742,9,questionnaire-ja44,,48346875,BLINDED,13883538,,complete,,,computer,Desktop or Laptop,Windows 10,Edge 138.0.0.0,1536x864,1513x708,,,,Consent form,5,selfreport_probe,No,consent9,1,Eligible,Voucher
10,1753700442686,28/07/2025 11:00,1753700446271,1,28/07/2025 12:00,234742,9,questionnaire-ja44,,48346875,BLINDED,13883538,,complete,,,computer,Desktop or Laptop,Windows 10,Edge 138.0.0.0,1536x864,1513x708,,,,Consent form,5,selfreport_probe,No,consent10,1,Eligible,Voucher
11,1753700442686,28/07/2025 11:00,1753700446272,1,28/07/2025 12:00,234742,9,questionnaire-ja44,,48346875,BLINDED,13883538,,complete,,,computer,Desktop or Laptop,Windows 10,Edge 138.0.0.0,1536x864,1513x708,,,,Consent form,5,selfreport_probe,No,END QUESTIONNAIRE,26827,Eligible,Voucher
1,1753705461621,28/07/2025 12:24,1753705461384,2,28/07/2025 14:24,234742,9,questionnaire-ja44,,48348913,BLINDED,13884078,,complete,,,computer,Desktop or Laptop,Mac OS 10.15.7,Chrome 138.0.0.0,1440x900,1371x724,,,,Consent form,5,probe_selfreport,No,BEGIN QUESTIONNAIRE,,Eligible,Voucher
2,1753705469184,28/07/2025 12:24,1753705468981,2,28/07/2025 14:24,234742,9,questionnaire-ja44,,48348913,BLINDED,13884078,,complete,,,computer,Desktop or Laptop,Mac OS 10.15.7,Chrome 138.0.0.0,1440x900,1371x724,,,,Consent form,5,probe_selfreport,No,consent1,1,Eligible,Voucher
3,1753705469297,28/07/2025 12:24,1753705468982,2,28/07/2025 14:24,234742,9,questionnaire-ja44,,48348913,BLINDED,13884078,,complete,,,computer,Desktop or Laptop,Mac OS 10.15.7,Chrome 138.0.0.0,1440x900,1371x724,,,,Consent form,5,probe_selfreport,No,consent2,1,Eligible,Voucher
4,1753705469297,28/07/2025 12:24,1753705468983,2,28/07/2025 14:24,234742,9,questionnaire-ja44,,48348913,BLINDED,13884078,,complete,,,computer,Desktop or Laptop,Mac OS 10.15.7,Chrome 138.0.0.0,1440x900,1371x724,,,,Consent form,5,probe_selfreport,No,consent3,1,Eligible,Voucher
5,1753705469297,28/07/2025 12:24,1753705468983,2,28/07/2025 14:24,234742,9,questionnaire-ja44,,48348913,BLINDED,13884078,,complete,,,computer,Desktop or Laptop,Mac OS 10.15.7,Chrome 138.0.0.0,1440x900,1371x724,,,,Consent form,5,probe_selfreport,No,consent5,1,Eligible,Voucher
6,1753705469297,28/07/2025 12:24,1753705468983,2,28/07/2025 14:24,234742,9,questionnaire-ja44,,48348913,BLINDED,13884078,,complete,,,computer,Desktop or Laptop,Mac OS 10.15.7,Chrome 138.0.0.0,1440x900,1371x724,,,,Consent form,5,probe_selfreport,No,consent6,1,Eligible,Voucher
7,1753705469297,28/07/2025 12:24,1753705468983,2,28/07/2025 14:24,234742,9,questionnaire-ja44,,48348913,BLINDED,13884078,,complete,,,computer,Desktop or Laptop,Mac OS 10.15.7,Chrome 138.0.0.0,1440x900,1371x724,,,,Consent form,5,probe_selfreport,No,consent7,1,Eligible,Voucher
8,1753705469297,28/07/2025 12:24,1753705468983,2,28/07/2025 14:24,234742,9,questionnaire-ja44,,48348913,BLINDED,13884078,,complete,,,computer,Desktop or Laptop,Mac OS 10.15.7,Chrome 138.0.0.0,1440x900,1371x724,,,,Consent form,5,probe_selfreport,No,consent8,1,Eligible,Voucher
9,1753705469297,28/07/2025 12:24,1753705468983,2,28/07/2025 14:24,234742,9,questionnaire-ja44,,48348913,BLINDED,13884078,,complete,,,computer,Desktop or Laptop,Mac OS 10.15.7,Chrome 138.0.0.0,1440x900,1371x724,,,,Consent form,5,probe_selfreport,No,consent9,1,Eligible,Voucher
10,1753705469297,28/07/2025 12:24,1753705468983,2,28/07/2025 14:24,234742,9,questionnaire-ja44,,48348913,BLINDED,13884078,,complete,,,computer,Desktop or Laptop,Mac OS 10.15.7,Chrome 138.0.0.0,1440x900,1371x724,,,,Consent form,5,probe_selfreport,No,consent10,1,Eligible,Voucher
11,1753705469297,28/07/2025 12:24,1753705468983,2,28/07/2025 14:24,234742,9,questionnaire-ja44,,48348913,BLINDED,13884078,,complete,,,computer,Desktop or Laptop,Mac OS 10.15.7,Chrome 138.0.0.0,1440x900,1371x724,,,,Consent form,5,probe_selfreport,No,END QUESTIONNAIRE,7599,Eligible,Voucher
1,1753707239716,28/07/2025 12:53,1753707239749,1,28/07/2025 13:53,234742,9,questionnaire-ja44,,48349619,BLINDED,13884260,,complete,,,computer,Desktop or Laptop,Windows 10,Chrome 138.0.0.0,1920x1080,1920x953,,,,Consent form,5,selfreport_probe,No,BEGIN QUESTIONNAIRE,,Eligible,Voucher
2,1753707253763,28/07/2025 12:54,1753707253816,1,28/07/2025 13:54,234742,9,questionnaire-ja44,,48349619,BLINDED,13884260,,complete,,,computer,Desktop or Laptop,Windows 10,Chrome 138.0.0.0,1920x1080,1905x953,,,,Consent form,5,selfreport_probe,No,consent1,1,Eligible,Voucher
3,1753707253824,28/07/2025 12:54,1753707253817,1,28/07/2025 13:54,234742,9,questionnaire-ja44,,48349619,BLINDED,13884260,,complete,,,computer,Desktop or Laptop,Windows 10,Chrome 138.0.0.0,1920x1080,1905x953,,,,Consent form,5,selfreport_probe,No,consent2,1,Eligible,Voucher
4,1753707253824,28/07/2025 12:54,1753707253817,1,28/07/2025 13:54,234742,9,questionnaire-ja44,,48349619,BLINDED,13884260,,complete,,,computer,Desktop or Laptop,Windows 10,Chrome 138.0.0.0,1920x1080,1905x953,,,,Consent form,5,selfreport_probe,No,consent3,1,Eligible,Voucher
5,1753707253824,28/07/2025 12:54,1753707253818,1,28/07/2025 13:54,234742,9,questionnaire-ja44,,48349619,BLINDED,13884260,,complete,,,computer,Desktop or Laptop,Windows 10,Chrome 138.0.0.0,1920x1080,1905x953,,,,Consent form,5,selfreport_probe,No,consent5,1,Eligible,Voucher
6,1753707253824,28/07/2025 12:54,1753707253818,1,28/07/2025 13:54,234742,9,questionnaire-ja44,,48349619,BLINDED,13884260,,complete,,,computer,Desktop or Laptop,Windows 10,Chrome 138.0.0.0,1920x1080,1905x953,,,,Consent form,5,selfreport_probe,No,consent6,1,Eligible,Voucher
7,1753707253824,28/07/2025 12:54,1753707253818,1,28/07/2025 13:54,234742,9,questionnaire-ja44,,48349619,BLINDED,13884260,,complete,,,computer,Desktop or Laptop,Windows 10,Chrome 138.0.0.0,1920x1080,1905x953,,,,Consent form,5,selfreport_probe,No,consent7,1,Eligible,Voucher
8,1753707253824,28/07/2025 12:54,1753707253818,1,28/07/2025 13:54,234742,9,questionnaire-ja44,,48349619,BLINDED,13884260,,complete,,,computer,Desktop or Laptop,Windows 10,Chrome 138.0.0.0,1920x1080,1905x953,,,,Consent form,5,selfreport_probe,No,consent8,1,Eligible,Voucher
9,1753707253824,28/07/2025 12:54,1753707253818,1,28/07/2025 13:54,234742,9,questionnaire-ja44,,48349619,BLINDED,13884260,,complete,,,computer,Desktop or Laptop,Windows 10,Chrome 138.0.0.0,1920x1080,1905x953,,,,Consent form,5,selfreport_probe,No,consent9,1,Eligible,Voucher
10,1753707253824,28/07/2025 12:54,1753707253818,1,28/07/2025 13:54,234742,9,questionnaire-ja44,,48349619,BLINDED,13884260,,complete,,,computer,Desktop or Laptop,Windows 10,Chrome 138.0.0.0,1920x1080,1905x953,,,,Consent form,5,selfreport_probe,No,consent10,1,Eligible,Voucher
11,1753707253824,28/07/2025 12:54,1753707253819,1,28/07/2025 13:54,234742,9,questionnaire-ja44,,48349619,BLINDED,13884260,,complete,,,computer,Desktop or Laptop,Windows 10,Chrome 138.0.0.0,1920x1080,1905x953,,,,Consent form,5,selfreport_probe,No,END QUESTIONNAIRE,14070,Eligible,Voucher
1,1753710981237,28/07/2025 13:56,1753710980382,1,28/07/2025 14:56,234742,9,questionnaire-ja44,,48350696,BLINDED,13884574,,complete,,,computer,Desktop or Laptop,Windows 10,Chrome 138.0.0.0,1920x1080,1920x911,,,,Consent form,5,selfreport_probe,No,BEGIN QUESTIONNAIRE,,Eligible,Voucher
2,1753710989787,28/07/2025 13:56,1753710988959,1,28/07/2025 14:56,234742,9,questionnaire-ja44,,48350696,BLINDED,13884574,,complete,,,computer,Desktop or Laptop,Windows 10,Chrome 138.0.0.0,1920x1080,1905x911,,,,Consent form,5,selfreport_probe,No,consent1,1,Eligible,Voucher
3,1753710989866,28/07/2025 13:56,1753710988960,1,28/07/2025 14:56,234742,9,questionnaire-ja44,,48350696,BLINDED,13884574,,complete,,,computer,Desktop or Laptop,Windows 10,Chrome 138.0.0.0,1920x1080,1905x911,,,,Consent form,5,selfreport_probe,No,consent2,1,Eligible,Voucher
4,1753710989866,28/07/2025 13:56,1753710988960,1,28/07/2025 14:56,234742,9,questionnaire-ja44,,48350696,BLINDED,13884574,,complete,,,computer,Desktop or Laptop,Windows 10,Chrome 138.0.0.0,1920x1080,1905x911,,,,Consent form,5,selfreport_probe,No,consent3,1,Eligible,Voucher
5,1753710989866,28/07/2025 13:56,1753710988960,1,28/07/2025 14:56,234742,9,questionnaire-ja44,,48350696,BLINDED,13884574,,complete,,,computer,Desktop or Laptop,Windows 10,Chrome 138.0.0.0,1920x1080,1905x911,,,,Consent form,5,selfreport_probe,No,consent5,1,Eligible,Voucher
6,1753710989866,28/07/2025 13:56,1753710988960,1,28/07/2025 14:56,234742,9,questionnaire-ja44,,48350696,BLINDED,13884574,,complete,,,computer,Desktop or Laptop,Windows 10,Chrome 138.0.0.0,1920x1080,1905x911,,,,Consent form,5,selfreport_probe,No,consent6,1,Eligible,Voucher
7,1753710989866,28/07/2025 13:56,1753710988960,1,28/07/2025 14:56,234742,9,questionnaire-ja44,,48350696,BLINDED,13884574,,complete,,,computer,Desktop or Laptop,Windows 10,Chrome 138.0.0.0,1920x1080,1905x911,,,,Consent form,5,selfreport_probe,No,consent7,1,Eligible,Voucher
8,1753710989866,28/07/2025 13:56,1753710988961,1,28/07/2025 14:56,234742,9,questionnaire-ja44,,48350696,BLINDED,13884574,,complete,,,computer,Desktop or Laptop,Windows 10,Chrome 138.0.0.0,1920x1080,1905x911,,,,Consent form,5,selfreport_probe,No,consent8,1,Eligible,Voucher
9,1753710989866,28/07/2025 13:56,1753710988961,1,28/07/2025 14:56,234742,9,questionnaire-ja44,,48350696,BLINDED,13884574,,complete,,,computer,Desktop or Laptop,Windows 10,Chrome 138.0.0.0,1920x1080,1905x911,,,,Consent form,5,selfreport_probe,No,consent9,1,Eligible,Voucher
10,1753710989866,28/07/2025 13:56,1753710988961,1,28/07/2025 14:56,234742,9,questionnaire-ja44,,48350696,BLINDED,13884574,,complete,,,computer,Desktop or Laptop,Windows 10,Chrome 138.0.0.0,1920x1080,1905x911,,,,Consent form,5,selfreport_probe,No,consent10,1,Eligible,Voucher
11,1753710989866,28/07/2025 13:56,1753710988961,1,28/07/2025 14:56,234742,9,questionnaire-ja44,,48350696,BLINDED,13884574,,complete,,,computer,Desktop or Laptop,Windows 10,Chrome 138.0.0.0,1920x1080,1905x911,,,,Consent form,5,selfreport_probe,No,END QUESTIONNAIRE,8579,Eligible,Voucher
1,1753710984740,28/07/2025 13:56,1753710984622,1,28/07/2025 14:56,234742,9,questionnaire-ja44,,48350698,BLINDED,13884575,,complete,,,computer,Desktop or Laptop,Mac OS 10.15.7,Safari 18.4,1440x900,1440x820,,,,Consent form,5,probe_selfreport,No,BEGIN QUESTIONNAIRE,,Eligible,Voucher
2,1753711000258,28/07/2025 13:56,1753710999848,1,28/07/2025 14:56,234742,9,questionnaire-ja44,,48350698,BLINDED,13884575,,complete,,,computer,Desktop or Laptop,Mac OS 10.15.7,Safari 18.4,1440x900,1440x820,,,,Consent form,5,probe_selfreport,No,consent1,1,Eligible,Voucher
3,1753711000343,28/07/2025 13:56,1753710999850,1,28/07/2025 14:56,234742,9,questionnaire-ja44,,48350698,BLINDED,13884575,,complete,,,computer,Desktop or Laptop,Mac OS 10.15.7,Safari 18.4,1440x900,1440x820,,,,Consent form,5,probe_selfreport,No,consent2,1,Eligible,Voucher
4,1753711000343,28/07/2025 13:56,1753710999850,1,28/07/2025 14:56,234742,9,questionnaire-ja44,,48350698,BLINDED,13884575,,complete,,,computer,Desktop or Laptop,Mac OS 10.15.7,Safari 18.4,1440x900,1440x820,,,,Consent form,5,probe_selfreport,No,consent3,1,Eligible,Voucher
5,1753711000343,28/07/2025 13:56,1753710999850,1,28/07/2025 14:56,234742,9,questionnaire-ja44,,48350698,BLINDED,13884575,,complete,,,computer,Desktop or Laptop,Mac OS 10.15.7,Safari 18.4,1440x900,1440x820,,,,Consent form,5,probe_selfreport,No,consent5,1,Eligible,Voucher
6,1753711000343,28/07/2025 13:56,1753710999850,1,28/07/2025 14:56,234742,9,questionnaire-ja44,,48350698,BLINDED,13884575,,complete,,,computer,Desktop or Laptop,Mac OS 10.15.7,Safari 18.4,1440x900,1440x820,,,,Consent form,5,probe_selfreport,No,consent6,1,Eligible,Voucher
7,1753711000343,28/07/2025 13:56,1753710999850,1,28/07/2025 14:56,234742,9,questionnaire-ja44,,48350698,BLINDED,13884575,,complete,,,computer,Desktop or Laptop,Mac OS 10.15.7,Safari 18.4,1440x900,1440x820,,,,Consent form,5,probe_selfreport,No,consent7,1,Eligible,Voucher
8,1753711000343,28/07/2025 13:56,1753710999850,1,28/07/2025 14:56,234742,9,questionnaire-ja44,,48350698,BLINDED,13884575,,complete,,,computer,Desktop or Laptop,Mac OS 10.15.7,Safari 18.4,1440x900,1440x820,,,,Consent form,5,probe_selfreport,No,consent8,1,Eligible,Voucher
9,1753711000343,28/07/2025 13:56,1753710999850,1,28/07/2025 14:56,234742,9,questionnaire-ja44,,48350698,BLINDED,13884575,,complete,,,computer,Desktop or Laptop,Mac OS 10.15.7,Safari 18.4,1440x900,1440x820,,,,Consent form,5,probe_selfreport,No,consent9,1,Eligible,Voucher
10,1753711000343,28/07/2025 13:56,1753710999850,1,28/07/2025 14:56,234742,9,questionnaire-ja44,,48350698,BLINDED,13884575,,complete,,,computer,Desktop or Laptop,Mac OS 10.15.7,Safari 18.4,1440x900,1440x820,,,,Consent form,5,probe_selfreport,No,consent10,1,Eligible,Voucher
11,1753711000343,28/07/2025 13:56,1753710999850,1,28/07/2025 14:56,234742,9,questionnaire-ja44,,48350698,BLINDED,13884575,,complete,,,computer,Desktop or Laptop,Mac OS 10.15.7,Safari 18.4,1440x900,1440x820,,,,Consent form,5,probe_selfreport,No,END QUESTIONNAIRE,15228,Eligible,Voucher
1,1753737016902,28/07/2025 21:10,1753737014898,1,28/07/2025 22:10,234742,9,questionnaire-ja44,,48361997,BLINDED,13886867,,complete,,,computer,Desktop or Laptop,Windows 10,Edge 138.0.0.0,1504x1003,1496x877,,,,Consent form,5,probe_selfreport,No,BEGIN QUESTIONNAIRE,,Eligible,Voucher
2,1753737029391,28/07/2025 21:10,1753737027260,1,28/07/2025 22:10,234742,9,questionnaire-ja44,,48361997,BLINDED,13886867,,complete,,,computer,Desktop or Laptop,Windows 10,Edge 138.0.0.0,1504x1003,1481x877,,,,Consent form,5,probe_selfreport,No,consent1,1,Eligible,Voucher
3,1753737029885,28/07/2025 21:10,1753737027263,1,28/07/2025 22:10,234742,9,questionnaire-ja44,,48361997,BLINDED,13886867,,complete,,,computer,Desktop or Laptop,Windows 10,Edge 138.0.0.0,1504x1003,1481x877,,,,Consent form,5,probe_selfreport,No,consent2,1,Eligible,Voucher
4,1753737029885,28/07/2025 21:10,1753737027263,1,28/07/2025 22:10,234742,9,questionnaire-ja44,,48361997,BLINDED,13886867,,complete,,,computer,Desktop or Laptop,Windows 10,Edge 138.0.0.0,1504x1003,1481x877,,,,Consent form,5,probe_selfreport,No,consent3,1,Eligible,Voucher
5,1753737029885,28/07/2025 21:10,1753737027263,1,28/07/2025 22:10,234742,9,questionnaire-ja44,,48361997,BLINDED,13886867,,complete,,,computer,Desktop or Laptop,Windows 10,Edge 138.0.0.0,1504x1003,1481x877,,,,Consent form,5,probe_selfreport,No,consent5,1,Eligible,Voucher
6,1753737029885,28/07/2025 21:10,1753737027264,1,28/07/2025 22:10,234742,9,questionnaire-ja44,,48361997,BLINDED,13886867,,complete,,,computer,Desktop or Laptop,Windows 10,Edge 138.0.0.0,1504x1003,1481x877,,,,Consent form,5,probe_selfreport,No,consent6,1,Eligible,Voucher
7,1753737029885,28/07/2025 21:10,1753737027264,1,28/07/2025 22:10,234742,9,questionnaire-ja44,,48361997,BLINDED,13886867,,complete,,,computer,Desktop or Laptop,Windows 10,Edge 138.0.0.0,1504x1003,1481x877,,,,Consent form,5,probe_selfreport,No,consent7,1,Eligible,Voucher
8,1753737029885,28/07/2025 21:10,1753737027264,1,28/07/2025 22:10,234742,9,questionnaire-ja44,,48361997,BLINDED,13886867,,complete,,,computer,Desktop or Laptop,Windows 10,Edge 138.0.0.0,1504x1003,1481x877,,,,Consent form,5,probe_selfreport,No,consent8,1,Eligible,Voucher
9,1753737029885,28/07/2025 21:10,1753737027264,1,28/07/2025 22:10,234742,9,questionnaire-ja44,,48361997,BLINDED,13886867,,complete,,,computer,Desktop or Laptop,Windows 10,Edge 138.0.0.0,1504x1003,1481x877,,,,Consent form,5,probe_selfreport,No,consent9,1,Eligible,Voucher
10,1753737029885,28/07/2025 21:10,1753737027264,1,28/07/2025 22:10,234742,9,questionnaire-ja44,,48361997,BLINDED,13886867,,complete,,,computer,Desktop or Laptop,Windows 10,Edge 138.0.0.0,1504x1003,1481x877,,,,Consent form,5,probe_selfreport,No,consent10,1,Eligible,Voucher
11,1753737029885,28/07/2025 21:10,1753737027265,1,28/07/2025 22:10,234742,9,questionnaire-ja44,,48361997,BLINDED,13886867,,complete,,,computer,Desktop or Laptop,Windows 10,Edge 138.0.0.0,1504x1003,1481x877,,,,Consent form,5,probe_selfreport,No,END QUESTIONNAIRE,12367,Eligible,Voucher
1,1753781320865,29/07/2025 09:28,1753781321171,1,29/07/2025 10:28,234742,9,questionnaire-ja44,,48384146,BLINDED,13889770,,rejected - time limit reached,,,computer,Desktop or Laptop,Windows 10,Chrome 138.0.0.0,1280x720,1280x551,,,,Consent form,5,selfreport_probe,No,BEGIN QUESTIONNAIRE,,Eligible,No Voucher
2,1753781343345,29/07/2025 09:29,1753781343707,1,29/07/2025 10:29,234742,9,questionnaire-ja44,,48384146,BLINDED,13889770,,rejected - time limit reached,,,computer,Desktop or Laptop,Windows 10,Chrome 138.0.0.0,1280x720,1265x551,,,,Consent form,5,selfreport_probe,No,consent1,1,Eligible,No Voucher
3,1753781343411,29/07/2025 09:29,1753781343710,1,29/07/2025 10:29,234742,9,questionnaire-ja44,,48384146,BLINDED,13889770,,rejected - time limit reached,,,computer,Desktop or Laptop,Windows 10,Chrome 138.0.0.0,1280x720,1265x551,,,,Consent form,5,selfreport_probe,No,consent2,1,Eligible,No Voucher
4,1753781343411,29/07/2025 09:29,1753781343710,1,29/07/2025 10:29,234742,9,questionnaire-ja44,,48384146,BLINDED,13889770,,rejected - time limit reached,,,computer,Desktop or Laptop,Windows 10,Chrome 138.0.0.0,1280x720,1265x551,,,,Consent form,5,selfreport_probe,No,consent3,1,Eligible,No Voucher
5,1753781343411,29/07/2025 09:29,1753781343710,1,29/07/2025 10:29,234742,9,questionnaire-ja44,,48384146,BLINDED,13889770,,rejected - time limit reached,,,computer,Desktop or Laptop,Windows 10,Chrome 138.0.0.0,1280x720,1265x551,,,,Consent form,5,selfreport_probe,No,consent5,1,Eligible,No Voucher
6,1753781343411,29/07/2025 09:29,1753781343711,1,29/07/2025 10:29,234742,9,questionnaire-ja44,,48384146,BLINDED,13889770,,rejected - time limit reached,,,computer,Desktop or Laptop,Windows 10,Chrome 138.0.0.0,1280x720,1265x551,,,,Consent form,5,selfreport_probe,No,consent6,1,Eligible,No Voucher
7,1753781343411,29/07/2025 09:29,1753781343711,1,29/07/2025 10:29,234742,9,questionnaire-ja44,,48384146,BLINDED,13889770,,rejected - time limit reached,,,computer,Desktop or Laptop,Windows 10,Chrome 138.0.0.0,1280x720,1265x551,,,,Consent form,5,selfreport_probe,No,consent7,1,Eligible,No Voucher
8,1753781343411,29/07/2025 09:29,1753781343711,1,29/07/2025 10:29,234742,9,questionnaire-ja44,,48384146,BLINDED,13889770,,rejected - time limit reached,,,computer,Desktop or Laptop,Windows 10,Chrome 138.0.0.0,1280x720,1265x551,,,,Consent form,5,selfreport_probe,No,consent8,1,Eligible,No Voucher
9,1753781343411,29/07/2025 09:29,1753781343711,1,29/07/2025 10:29,234742,9,questionnaire-ja44,,48384146,BLINDED,13889770,,rejected - time limit reached,,,computer,Desktop or Laptop,Windows 10,Chrome 138.0.0.0,1280x720,1265x551,,,,Consent form,5,selfreport_probe,No,consent9,1,Eligible,No Voucher
10,1753781343411,29/07/2025 09:29,1753781343712,1,29/07/2025 10:29,234742,9,questionnaire-ja44,,48384146,BLINDED,13889770,,rejected - time limit reached,,,computer,Desktop or Laptop,Windows 10,Chrome 138.0.0.0,1280x720,1265x551,,,,Consent form,5,selfreport_probe,No,consent10,1,Eligible,No Voucher
11,1753781343411,29/07/2025 09:29,1753781343712,1,29/07/2025 10:29,234742,9,questionnaire-ja44,,48384146,BLINDED,13889770,,rejected - time limit reached,,,computer,Desktop or Laptop,Windows 10,Chrome 138.0.0.0,1280x720,1265x551,,,,Consent form,5,selfreport_probe,No,END QUESTIONNAIRE,22541,Eligible,No Voucher
1,1753781727237,29/07/2025 09:35,1753781727085,1,29/07/2025 10:35,234742,9,questionnaire-ja44,,48384804,BLINDED,13889851,,complete,,,computer,Desktop or Laptop,Windows 10,Edge 137.0.0.0,1536x864,1528x738,,,,Consent form,5,selfreport_probe,No,BEGIN QUESTIONNAIRE,,Eligible,No Voucher
2,1753781738337,29/07/2025 09:35,1753781738218,1,29/07/2025 10:35,234742,9,questionnaire-ja44,,48384804,BLINDED,13889851,,complete,,,computer,Desktop or Laptop,Windows 10,Edge 137.0.0.0,1536x864,1513x738,,,,Consent form,5,selfreport_probe,No,consent1,1,Eligible,No Voucher
3,1753781738435,29/07/2025 09:35,1753781738220,1,29/07/2025 10:35,234742,9,questionnaire-ja44,,48384804,BLINDED,13889851,,complete,,,computer,Desktop or Laptop,Windows 10,Edge 137.0.0.0,1536x864,1513x738,,,,Consent form,5,selfreport_probe,No,consent2,1,Eligible,No Voucher
4,1753781738435,29/07/2025 09:35,1753781738220,1,29/07/2025 10:35,234742,9,questionnaire-ja44,,48384804,BLINDED,13889851,,complete,,,computer,Desktop or Laptop,Windows 10,Edge 137.0.0.0,1536x864,1513x738,,,,Consent form,5,selfreport_probe,No,consent3,1,Eligible,No Voucher
5,1753781738435,29/07/2025 09:35,1753781738221,1,29/07/2025 10:35,234742,9,questionnaire-ja44,,48384804,BLINDED,13889851,,complete,,,computer,Desktop or Laptop,Windows 10,Edge 137.0.0.0,1536x864,1513x738,,,,Consent form,5,selfreport_probe,No,consent5,1,Eligible,No Voucher
6,1753781738435,29/07/2025 09:35,1753781738221,1,29/07/2025 10:35,234742,9,questionnaire-ja44,,48384804,BLINDED,13889851,,complete,,,computer,Desktop or Laptop,Windows 10,Edge 137.0.0.0,1536x864,1513x738,,,,Consent form,5,selfreport_probe,No,consent6,1,Eligible,No Voucher
7,1753781738435,29/07/2025 09:35,1753781738221,1,29/07/2025 10:35,234742,9,questionnaire-ja44,,48384804,BLINDED,13889851,,complete,,,computer,Desktop or Laptop,Windows 10,Edge 137.0.0.0,1536x864,1513x738,,,,Consent form,5,selfreport_probe,No,consent7,1,Eligible,No Voucher
8,1753781738435,29/07/2025 09:35,1753781738221,1,29/07/2025 10:35,234742,9,questionnaire-ja44,,48384804,BLINDED,13889851,,complete,,,computer,Desktop or Laptop,Windows 10,Edge 137.0.0.0,1536x864,1513x738,,,,Consent form,5,selfreport_probe,No,consent8,1,Eligible,No Voucher
9,1753781738435,29/07/2025 09:35,1753781738221,1,29/07/2025 10:35,234742,9,questionnaire-ja44,,48384804,BLINDED,13889851,,complete,,,computer,Desktop or Laptop,Windows 10,Edge 137.0.0.0,1536x864,1513x738,,,,Consent form,5,selfreport_probe,No,consent9,1,Eligible,No Voucher
10,1753781738435,29/07/2025 09:35,1753781738222,1,29/07/2025 10:35,234742,9,questionnaire-ja44,,48384804,BLINDED,13889851,,complete,,,computer,Desktop or Laptop,Windows 10,Edge 137.0.0.0,1536x864,1513x738,,,,Consent form,5,selfreport_probe,No,consent10,1,Eligible,No Voucher
11,1753781738435,29/07/2025 09:35,1753781738222,1,29/07/2025 10:35,234742,9,questionnaire-ja44,,48384804,BLINDED,13889851,,complete,,,computer,Desktop or Laptop,Windows 10,Edge 137.0.0.0,1536x864,1513x738,,,,Consent form,5,selfreport_probe,No,END QUESTIONNAIRE,11137,Eligible,No Voucher
1,1753793216895,29/07/2025 12:46,1753793216652,1,29/07/2025 13:46,234742,9,questionnaire-ja44,,48395315,BLINDED,13891246,,complete,,,computer,Desktop or Laptop,Windows 10,Edge 138.0.0.0,1536x864,1528x746,,,,Consent form,5,probe_selfreport,No,BEGIN QUESTIONNAIRE,,Eligible,No Voucher
2,1753793231282,29/07/2025 12:47,1753793231109,1,29/07/2025 13:47,234742,9,questionnaire-ja44,,48395315,BLINDED,13891246,,complete,,,computer,Desktop or Laptop,Windows 10,Edge 138.0.0.0,1536x864,1513x746,,,,Consent form,5,probe_selfreport,No,consent1,1,Eligible,No Voucher
3,1753793231390,29/07/2025 12:47,1753793231111,1,29/07/2025 13:47,234742,9,questionnaire-ja44,,48395315,BLINDED,13891246,,complete,,,computer,Desktop or Laptop,Windows 10,Edge 138.0.0.0,1536x864,1513x746,,,,Consent form,5,probe_selfreport,No,consent2,1,Eligible,No Voucher
4,1753793231390,29/07/2025 12:47,1753793231111,1,29/07/2025 13:47,234742,9,questionnaire-ja44,,48395315,BLINDED,13891246,,complete,,,computer,Desktop or Laptop,Windows 10,Edge 138.0.0.0,1536x864,1513x746,,,,Consent form,5,probe_selfreport,No,consent3,1,Eligible,No Voucher
5,1753793231390,29/07/2025 12:47,1753793231112,1,29/07/2025 13:47,234742,9,questionnaire-ja44,,48395315,BLINDED,13891246,,complete,,,computer,Desktop or Laptop,Windows 10,Edge 138.0.0.0,1536x864,1513x746,,,,Consent form,5,probe_selfreport,No,consent5,1,Eligible,No Voucher
6,1753793231390,29/07/2025 12:47,1753793231112,1,29/07/2025 13:47,234742,9,questionnaire-ja44,,48395315,BLINDED,13891246,,complete,,,computer,Desktop or Laptop,Windows 10,Edge 138.0.0.0,1536x864,1513x746,,,,Consent form,5,probe_selfreport,No,consent6,1,Eligible,No Voucher
7,1753793231390,29/07/2025 12:47,1753793231112,1,29/07/2025 13:47,234742,9,questionnaire-ja44,,48395315,BLINDED,13891246,,complete,,,computer,Desktop or Laptop,Windows 10,Edge 138.0.0.0,1536x864,1513x746,,,,Consent form,5,probe_selfreport,No,consent7,1,Eligible,No Voucher
8,1753793231390,29/07/2025 12:47,1753793231112,1,29/07/2025 13:47,234742,9,questionnaire-ja44,,48395315,BLINDED,13891246,,complete,,,computer,Desktop or Laptop,Windows 10,Edge 138.0.0.0,1536x864,1513x746,,,,Consent form,5,probe_selfreport,No,consent8,1,Eligible,No Voucher
9,1753793231390,29/07/2025 12:47,1753793231112,1,29/07/2025 13:47,234742,9,questionnaire-ja44,,48395315,BLINDED,13891246,,complete,,,computer,Desktop or Laptop,Windows 10,Edge 138.0.0.0,1536x864,1513x746,,,,Consent form,5,probe_selfreport,No,consent9,1,Eligible,No Voucher
10,1753793231390,29/07/2025 12:47,1753793231112,1,29/07/2025 13:47,234742,9,questionnaire-ja44,,48395315,BLINDED,13891246,,complete,,,computer,Desktop or Laptop,Windows 10,Edge 138.0.0.0,1536x864,1513x746,,,,Consent form,5,probe_selfreport,No,consent10,1,Eligible,No Voucher
11,1753793231390,29/07/2025 12:47,1753793231112,1,29/07/2025 13:47,234742,9,questionnaire-ja44,,48395315,BLINDED,13891246,,complete,,,computer,Desktop or Laptop,Windows 10,Edge 138.0.0.0,1536x864,1513x746,,,,Consent form,5,probe_selfreport,No,END QUESTIONNAIRE,14460,Eligible,No Voucher
1,1753808752656,29/07/2025 17:05,1753808752551,1,29/07/2025 18:05,234742,9,questionnaire-ja44,,48405704,BLINDED,13892982,,complete,,,computer,Desktop or Laptop,Mac OS 10.15.7,Safari 17.4,1470x956,1470x754,,,,Consent form,5,selfreport_probe,No,BEGIN QUESTIONNAIRE,,Eligible,Voucher
2,1753808759971,29/07/2025 17:05,1753808759926,1,29/07/2025 18:05,234742,9,questionnaire-ja44,,48405704,BLINDED,13892982,,complete,,,computer,Desktop or Laptop,Mac OS 10.15.7,Safari 17.4,1470x956,1470x754,,,,Consent form,5,selfreport_probe,No,consent1,1,Eligible,Voucher
3,1753808760035,29/07/2025 17:06,1753808759927,1,29/07/2025 18:05,234742,9,questionnaire-ja44,,48405704,BLINDED,13892982,,complete,,,computer,Desktop or Laptop,Mac OS 10.15.7,Safari 17.4,1470x956,1470x754,,,,Consent form,5,selfreport_probe,No,consent2,1,Eligible,Voucher
4,1753808760035,29/07/2025 17:06,1753808759928,1,29/07/2025 18:05,234742,9,questionnaire-ja44,,48405704,BLINDED,13892982,,complete,,,computer,Desktop or Laptop,Mac OS 10.15.7,Safari 17.4,1470x956,1470x754,,,,Consent form,5,selfreport_probe,No,consent3,1,Eligible,Voucher
5,1753808760035,29/07/2025 17:06,1753808759928,1,29/07/2025 18:05,234742,9,questionnaire-ja44,,48405704,BLINDED,13892982,,complete,,,computer,Desktop or Laptop,Mac OS 10.15.7,Safari 17.4,1470x956,1470x754,,,,Consent form,5,selfreport_probe,No,consent5,1,Eligible,Voucher
6,1753808760035,29/07/2025 17:06,1753808759928,1,29/07/2025 18:05,234742,9,questionnaire-ja44,,48405704,BLINDED,13892982,,complete,,,computer,Desktop or Laptop,Mac OS 10.15.7,Safari 17.4,1470x956,1470x754,,,,Consent form,5,selfreport_probe,No,consent6,1,Eligible,Voucher
7,1753808760035,29/07/2025 17:06,1753808759928,1,29/07/2025 18:05,234742,9,questionnaire-ja44,,48405704,BLINDED,13892982,,complete,,,computer,Desktop or Laptop,Mac OS 10.15.7,Safari 17.4,1470x956,1470x754,,,,Consent form,5,selfreport_probe,No,consent7,1,Eligible,Voucher
8,1753808760035,29/07/2025 17:06,1753808759928,1,29/07/2025 18:05,234742,9,questionnaire-ja44,,48405704,BLINDED,13892982,,complete,,,computer,Desktop or Laptop,Mac OS 10.15.7,Safari 17.4,1470x956,1470x754,,,,Consent form,5,selfreport_probe,No,consent8,1,Eligible,Voucher
9,1753808760035,29/07/2025 17:06,1753808759928,1,29/07/2025 18:05,234742,9,questionnaire-ja44,,48405704,BLINDED,13892982,,complete,,,computer,Desktop or Laptop,Mac OS 10.15.7,Safari 17.4,1470x956,1470x754,,,,Consent form,5,selfreport_probe,No,consent9,1,Eligible,Voucher
10,1753808760035,29/07/2025 17:06,1753808759928,1,29/07/2025 18:05,234742,9,questionnaire-ja44,,48405704,BLINDED,13892982,,complete,,,computer,Desktop or Laptop,Mac OS 10.15.7,Safari 17.4,1470x956,1470x754,,,,Consent form,5,selfreport_probe,No,consent10,1,Eligible,Voucher
11,1753808760035,29/07/2025 17:06,1753808759928,1,29/07/2025 18:05,234742,9,questionnaire-ja44,,48405704,BLINDED,13892982,,complete,,,computer,Desktop or Laptop,Mac OS 10.15.7,Safari 17.4,1470x956,1470x754,,,,Consent form,5,selfreport_probe,No,END QUESTIONNAIRE,7377,Eligible,Voucher
1,1753892559266,30/07/2025 16:22,1753892558843,1,30/07/2025 17:22,234742,9,questionnaire-ja44,,48441693,BLINDED,13898927,,complete,,,computer,Desktop or Laptop,Mac OS 10.15.7,Safari 18.5,1440x900,1264x742,,,,Consent form,5,selfreport_probe,No,BEGIN QUESTIONNAIRE,,Eligible,Voucher
2,1753892596759,30/07/2025 16:23,1753892596396,1,30/07/2025 17:23,234742,9,questionnaire-ja44,,48441693,BLINDED,13898927,,complete,,,computer,Desktop or Laptop,Mac OS 10.15.7,Safari 18.5,1440x900,1264x742,,,,Consent form,5,selfreport_probe,No,consent1,1,Eligible,Voucher
3,1753892596977,30/07/2025 16:23,1753892596398,1,30/07/2025 17:23,234742,9,questionnaire-ja44,,48441693,BLINDED,13898927,,complete,,,computer,Desktop or Laptop,Mac OS 10.15.7,Safari 18.5,1440x900,1264x742,,,,Consent form,5,selfreport_probe,No,consent2,1,Eligible,Voucher
4,1753892596977,30/07/2025 16:23,1753892596398,1,30/07/2025 17:23,234742,9,questionnaire-ja44,,48441693,BLINDED,13898927,,complete,,,computer,Desktop or Laptop,Mac OS 10.15.7,Safari 18.5,1440x900,1264x742,,,,Consent form,5,selfreport_probe,No,consent3,1,Eligible,Voucher
5,1753892596977,30/07/2025 16:23,1753892596398,1,30/07/2025 17:23,234742,9,questionnaire-ja44,,48441693,BLINDED,13898927,,complete,,,computer,Desktop or Laptop,Mac OS 10.15.7,Safari 18.5,1440x900,1264x742,,,,Consent form,5,selfreport_probe,No,consent5,1,Eligible,Voucher
6,1753892596977,30/07/2025 16:23,1753892596398,1,30/07/2025 17:23,234742,9,questionnaire-ja44,,48441693,BLINDED,13898927,,complete,,,computer,Desktop or Laptop,Mac OS 10.15.7,Safari 18.5,1440x900,1264x742,,,,Consent form,5,selfreport_probe,No,consent6,1,Eligible,Voucher
7,1753892596977,30/07/2025 16:23,1753892596398,1,30/07/2025 17:23,234742,9,questionnaire-ja44,,48441693,BLINDED,13898927,,complete,,,computer,Desktop or Laptop,Mac OS 10.15.7,Safari 18.5,1440x900,1264x742,,,,Consent form,5,selfreport_probe,No,consent7,1,Eligible,Voucher
8,1753892596977,30/07/2025 16:23,1753892596398,1,30/07/2025 17:23,234742,9,questionnaire-ja44,,48441693,BLINDED,13898927,,complete,,,computer,Desktop or Laptop,Mac OS 10.15.7,Safari 18.5,1440x900,1264x742,,,,Consent form,5,selfreport_probe,No,consent8,1,Eligible,Voucher
9,1753892596977,30/07/2025 16:23,1753892596398,1,30/07/2025 17:23,234742,9,questionnaire-ja44,,48441693,BLINDED,13898927,,complete,,,computer,Desktop or Laptop,Mac OS 10.15.7,Safari 18.5,1440x900,1264x742,,,,Consent form,5,selfreport_probe,No,consent9,1,Eligible,Voucher
10,1753892596977,30/07/2025 16:23,1753892596398,1,30/07/2025 17:23,234742,9,questionnaire-ja44,,48441693,BLINDED,13898927,,complete,,,computer,Desktop or Laptop,Mac OS 10.15.7,Safari 18.5,1440x900,1264x742,,,,Consent form,5,selfreport_probe,No,consent10,1,Eligible,Voucher
11,1753892596977,30/07/2025 16:23,1753892596398,1,30/07/2025 17:23,234742,9,questionnaire-ja44,,48441693,BLINDED,13898927,,complete,,,computer,Desktop or Laptop,Mac OS 10.15.7,Safari 18.5,1440x900,1264x742,,,,Consent form,5,selfreport_probe,No,END QUESTIONNAIRE,37555,Eligible,Voucher
1,1753893362714,30/07/2025 16:36,1753893379832,-7,30/07/2025 09:36,234742,9,questionnaire-ja44,,48442236,BLINDED,13898999,,complete,,,computer,Desktop or Laptop,Windows 10,Firefox 141.0,1366x768,1366x643,,,,Consent form,5,probe_selfreport,No,BEGIN QUESTIONNAIRE,,Eligible,Voucher
2,1753893400814,30/07/2025 16:36,1753893417978,-7,30/07/2025 09:36,234742,9,questionnaire-ja44,,48442236,BLINDED,13898999,,complete,,,computer,Desktop or Laptop,Windows 10,Firefox 141.0,1525x858,1506x718,,,,Consent form,5,probe_selfreport,No,consent1,1,Eligible,Voucher
3,1753893401025,30/07/2025 16:36,1753893417980,-7,30/07/2025 09:36,234742,9,questionnaire-ja44,,48442236,BLINDED,13898999,,complete,,,computer,Desktop or Laptop,Windows 10,Firefox 141.0,1525x858,1506x718,,,,Consent form,5,probe_selfreport,No,consent2,1,Eligible,Voucher
4,1753893401025,30/07/2025 16:36,1753893417980,-7,30/07/2025 09:36,234742,9,questionnaire-ja44,,48442236,BLINDED,13898999,,complete,,,computer,Desktop or Laptop,Windows 10,Firefox 141.0,1525x858,1506x718,,,,Consent form,5,probe_selfreport,No,consent3,1,Eligible,Voucher
5,1753893401025,30/07/2025 16:36,1753893417981,-7,30/07/2025 09:36,234742,9,questionnaire-ja44,,48442236,BLINDED,13898999,,complete,,,computer,Desktop or Laptop,Windows 10,Firefox 141.0,1525x858,1506x718,,,,Consent form,5,probe_selfreport,No,consent5,1,Eligible,Voucher
6,1753893401025,30/07/2025 16:36,1753893417981,-7,30/07/2025 09:36,234742,9,questionnaire-ja44,,48442236,BLINDED,13898999,,complete,,,computer,Desktop or Laptop,Windows 10,Firefox 141.0,1525x858,1506x718,,,,Consent form,5,probe_selfreport,No,consent6,1,Eligible,Voucher
7,1753893401025,30/07/2025 16:36,1753893417981,-7,30/07/2025 09:36,234742,9,questionnaire-ja44,,48442236,BLINDED,13898999,,complete,,,computer,Desktop or Laptop,Windows 10,Firefox 141.0,1525x858,1506x718,,,,Consent form,5,probe_selfreport,No,consent7,1,Eligible,Voucher
8,1753893401025,30/07/2025 16:36,1753893417981,-7,30/07/2025 09:36,234742,9,questionnaire-ja44,,48442236,BLINDED,13898999,,complete,,,computer,Desktop or Laptop,Windows 10,Firefox 141.0,1525x858,1506x718,,,,Consent form,5,probe_selfreport,No,consent8,1,Eligible,Voucher
9,1753893401025,30/07/2025 16:36,1753893417981,-7,30/07/2025 09:36,234742,9,questionnaire-ja44,,48442236,BLINDED,13898999,,complete,,,computer,Desktop or Laptop,Windows 10,Firefox 141.0,1525x858,1506x718,,,,Consent form,5,probe_selfreport,No,consent9,1,Eligible,Voucher
10,1753893401025,30/07/2025 16:36,1753893417981,-7,30/07/2025 09:36,234742,9,questionnaire-ja44,,48442236,BLINDED,13898999,,complete,,,computer,Desktop or Laptop,Windows 10,Firefox 141.0,1525x858,1506x718,,,,Consent form,5,probe_selfreport,No,consent10,1,Eligible,Voucher
11,1753893401025,30/07/2025 16:36,1753893417982,-7,30/07/2025 09:36,234742,9,questionnaire-ja44,,48442236,BLINDED,13898999,,complete,,,computer,Desktop or Laptop,Windows 10,Firefox 141.0,1525x858,1506x718,,,,Consent form,5,probe_selfreport,No,END QUESTIONNAIRE,38150,Eligible,Voucher
1,1753895769656,30/07/2025 17:16,1753895765651,1,30/07/2025 18:16,234742,9,questionnaire-ja44,,48443712,BLINDED,13899297,,complete,,,computer,Desktop or Laptop,Windows 10,Chrome 138.0.0.0,1920x1080,1920x945,,,,Consent form,5,selfreport_probe,No,BEGIN QUESTIONNAIRE,,Eligible,Voucher
2,1753895788429,30/07/2025 17:16,1753895784331,1,30/07/2025 18:16,234742,9,questionnaire-ja44,,48443712,BLINDED,13899297,,complete,,,computer,Desktop or Laptop,Windows 10,Chrome 138.0.0.0,1920x1080,1905x945,,,,Consent form,5,selfreport_probe,No,consent1,1,Eligible,Voucher
3,1753895788800,30/07/2025 17:16,1753895784333,1,30/07/2025 18:16,234742,9,questionnaire-ja44,,48443712,BLINDED,13899297,,complete,,,computer,Desktop or Laptop,Windows 10,Chrome 138.0.0.0,1920x1080,1905x945,,,,Consent form,5,selfreport_probe,No,consent2,1,Eligible,Voucher
4,1753895788800,30/07/2025 17:16,1753895784333,1,30/07/2025 18:16,234742,9,questionnaire-ja44,,48443712,BLINDED,13899297,,complete,,,computer,Desktop or Laptop,Windows 10,Chrome 138.0.0.0,1920x1080,1905x945,,,,Consent form,5,selfreport_probe,No,consent3,1,Eligible,Voucher
5,1753895788800,30/07/2025 17:16,1753895784333,1,30/07/2025 18:16,234742,9,questionnaire-ja44,,48443712,BLINDED,13899297,,complete,,,computer,Desktop or Laptop,Windows 10,Chrome 138.0.0.0,1920x1080,1905x945,,,,Consent form,5,selfreport_probe,No,consent5,1,Eligible,Voucher
6,1753895788800,30/07/2025 17:16,1753895784333,1,30/07/2025 18:16,234742,9,questionnaire-ja44,,48443712,BLINDED,13899297,,complete,,,computer,Desktop or Laptop,Windows 10,Chrome 138.0.0.0,1920x1080,1905x945,,,,Consent form,5,selfreport_probe,No,consent6,1,Eligible,Voucher
7,1753895788800,30/07/2025 17:16,1753895784333,1,30/07/2025 18:16,234742,9,questionnaire-ja44,,48443712,BLINDED,13899297,,complete,,,computer,Desktop or Laptop,Windows 10,Chrome 138.0.0.0,1920x1080,1905x945,,,,Consent form,5,selfreport_probe,No,consent7,1,Eligible,Voucher
8,1753895788800,30/07/2025 17:16,1753895784333,1,30/07/2025 18:16,234742,9,questionnaire-ja44,,48443712,BLINDED,13899297,,complete,,,computer,Desktop or Laptop,Windows 10,Chrome 138.0.0.0,1920x1080,1905x945,,,,Consent form,5,selfreport_probe,No,consent8,1,Eligible,Voucher
9,1753895788800,30/07/2025 17:16,1753895784333,1,30/07/2025 18:16,234742,9,questionnaire-ja44,,48443712,BLINDED,13899297,,complete,,,computer,Desktop or Laptop,Windows 10,Chrome 138.0.0.0,1920x1080,1905x945,,,,Consent form,5,selfreport_probe,No,consent9,1,Eligible,Voucher
10,1753895788800,30/07/2025 17:16,1753895784334,1,30/07/2025 18:16,234742,9,questionnaire-ja44,,48443712,BLINDED,13899297,,complete,,,computer,Desktop or Laptop,Windows 10,Chrome 138.0.0.0,1920x1080,1905x945,,,,Consent form,5,selfreport_probe,No,consent10,1,Eligible,Voucher
11,1753895788800,30/07/2025 17:16,1753895784334,1,30/07/2025 18:16,234742,9,questionnaire-ja44,,48443712,BLINDED,13899297,,complete,,,computer,Desktop or Laptop,Windows 10,Chrome 138.0.0.0,1920x1080,1905x945,,,,Consent form,5,selfreport_probe,No,END QUESTIONNAIRE,18683,Eligible,Voucher
1,1753896034591,30/07/2025 17:20,1753896035505,1,30/07/2025 18:20,234742,9,questionnaire-ja44,,48443861,BLINDED,13899320,,complete,,,computer,Desktop or Laptop,Windows 10,Chrome 137.0.0.0,3840x2160,1366x599,,,,Consent form,5,probe_selfreport,No,BEGIN QUESTIONNAIRE,,Eligible,Voucher
2,1753896044714,30/07/2025 17:20,1753896045647,1,30/07/2025 18:20,234742,9,questionnaire-ja44,,48443861,BLINDED,13899320,,complete,,,computer,Desktop or Laptop,Windows 10,Chrome 137.0.0.0,3840x2160,1351x599,,,,Consent form,5,probe_selfreport,No,consent1,1,Eligible,Voucher
3,1753896044925,30/07/2025 17:20,1753896045650,1,30/07/2025 18:20,234742,9,questionnaire-ja44,,48443861,BLINDED,13899320,,complete,,,computer,Desktop or Laptop,Windows 10,Chrome 137.0.0.0,3840x2160,1351x599,,,,Consent form,5,probe_selfreport,No,consent2,1,Eligible,Voucher
4,1753896044925,30/07/2025 17:20,1753896045650,1,30/07/2025 18:20,234742,9,questionnaire-ja44,,48443861,BLINDED,13899320,,complete,,,computer,Desktop or Laptop,Windows 10,Chrome 137.0.0.0,3840x2160,1351x599,,,,Consent form,5,probe_selfreport,No,consent3,1,Eligible,Voucher
5,1753896044925,30/07/2025 17:20,1753896045650,1,30/07/2025 18:20,234742,9,questionnaire-ja44,,48443861,BLINDED,13899320,,complete,,,computer,Desktop or Laptop,Windows 10,Chrome 137.0.0.0,3840x2160,1351x599,,,,Consent form,5,probe_selfreport,No,consent5,1,Eligible,Voucher
6,1753896044925,30/07/2025 17:20,1753896045651,1,30/07/2025 18:20,234742,9,questionnaire-ja44,,48443861,BLINDED,13899320,,complete,,,computer,Desktop or Laptop,Windows 10,Chrome 137.0.0.0,3840x2160,1351x599,,,,Consent form,5,probe_selfreport,No,consent6,1,Eligible,Voucher
7,1753896044925,30/07/2025 17:20,1753896045651,1,30/07/2025 18:20,234742,9,questionnaire-ja44,,48443861,BLINDED,13899320,,complete,,,computer,Desktop or Laptop,Windows 10,Chrome 137.0.0.0,3840x2160,1351x599,,,,Consent form,5,probe_selfreport,No,consent7,1,Eligible,Voucher
8,1753896044925,30/07/2025 17:20,1753896045651,1,30/07/2025 18:20,234742,9,questionnaire-ja44,,48443861,BLINDED,13899320,,complete,,,computer,Desktop or Laptop,Windows 10,Chrome 137.0.0.0,3840x2160,1351x599,,,,Consent form,5,probe_selfreport,No,consent8,1,Eligible,Voucher
9,1753896044925,30/07/2025 17:20,1753896045651,1,30/07/2025 18:20,234742,9,questionnaire-ja44,,48443861,BLINDED,13899320,,complete,,,computer,Desktop or Laptop,Windows 10,Chrome 137.0.0.0,3840x2160,1351x599,,,,Consent form,5,probe_selfreport,No,consent9,1,Eligible,Voucher
10,1753896044925,30/07/2025 17:20,1753896045652,1,30/07/2025 18:20,234742,9,questionnaire-ja44,,48443861,BLINDED,13899320,,complete,,,computer,Desktop or Laptop,Windows 10,Chrome 137.0.0.0,3840x2160,1351x599,,,,Consent form,5,probe_selfreport,No,consent10,1,Eligible,Voucher
11,1753896044925,30/07/2025 17:20,1753896045652,1,30/07/2025 18:20,234742,9,questionnaire-ja44,,48443861,BLINDED,13899320,,complete,,,computer,Desktop or Laptop,Windows 10,Chrome 137.0.0.0,3840x2160,1351x599,,,,Consent form,5,probe_selfreport,No,END QUESTIONNAIRE,10147,Eligible,Voucher
1,1753898353452,30/07/2025 17:59,1753898353078,1,30/07/2025 18:59,234742,9,questionnaire-ja44,,48445013,BLINDED,13899490,,complete,,,computer,Desktop or Laptop,Windows 10,Edge 136.0.0.0,1536x864,1536x736,,,,Consent form,5,selfreport_probe,No,BEGIN QUESTIONNAIRE,,Eligible,Voucher
2,1753898361475,30/07/2025 17:59,1753898361184,1,30/07/2025 18:59,234742,9,questionnaire-ja44,,48445013,BLINDED,13899490,,complete,,,computer,Desktop or Laptop,Windows 10,Edge 136.0.0.0,1536x864,1521x736,,,,Consent form,5,selfreport_probe,No,consent1,1,Eligible,Voucher
3,1753898361706,30/07/2025 17:59,1753898361185,1,30/07/2025 18:59,234742,9,questionnaire-ja44,,48445013,BLINDED,13899490,,complete,,,computer,Desktop or Laptop,Windows 10,Edge 136.0.0.0,1536x864,1521x736,,,,Consent form,5,selfreport_probe,No,consent2,1,Eligible,Voucher
4,1753898361706,30/07/2025 17:59,1753898361185,1,30/07/2025 18:59,234742,9,questionnaire-ja44,,48445013,BLINDED,13899490,,complete,,,computer,Desktop or Laptop,Windows 10,Edge 136.0.0.0,1536x864,1521x736,,,,Consent form,5,selfreport_probe,No,consent3,1,Eligible,Voucher
5,1753898361706,30/07/2025 17:59,1753898361185,1,30/07/2025 18:59,234742,9,questionnaire-ja44,,48445013,BLINDED,13899490,,complete,,,computer,Desktop or Laptop,Windows 10,Edge 136.0.0.0,1536x864,1521x736,,,,Consent form,5,selfreport_probe,No,consent5,1,Eligible,Voucher
6,1753898361706,30/07/2025 17:59,1753898361185,1,30/07/2025 18:59,234742,9,questionnaire-ja44,,48445013,BLINDED,13899490,,complete,,,computer,Desktop or Laptop,Windows 10,Edge 136.0.0.0,1536x864,1521x736,,,,Consent form,5,selfreport_probe,No,consent6,1,Eligible,Voucher
7,1753898361706,30/07/2025 17:59,1753898361185,1,30/07/2025 18:59,234742,9,questionnaire-ja44,,48445013,BLINDED,13899490,,complete,,,computer,Desktop or Laptop,Windows 10,Edge 136.0.0.0,1536x864,1521x736,,,,Consent form,5,selfreport_probe,No,consent7,1,Eligible,Voucher
8,1753898361706,30/07/2025 17:59,1753898361185,1,30/07/2025 18:59,234742,9,questionnaire-ja44,,48445013,BLINDED,13899490,,complete,,,computer,Desktop or Laptop,Windows 10,Edge 136.0.0.0,1536x864,1521x736,,,,Consent form,5,selfreport_probe,No,consent8,1,Eligible,Voucher
9,1753898361706,30/07/2025 17:59,1753898361185,1,30/07/2025 18:59,234742,9,questionnaire-ja44,,48445013,BLINDED,13899490,,complete,,,computer,Desktop or Laptop,Windows 10,Edge 136.0.0.0,1536x864,1521x736,,,,Consent form,5,selfreport_probe,No,consent9,1,Eligible,Voucher
10,1753898361706,30/07/2025 17:59,1753898361185,1,30/07/2025 18:59,234742,9,questionnaire-ja44,,48445013,BLINDED,13899490,,complete,,,computer,Desktop or Laptop,Windows 10,Edge 136.0.0.0,1536x864,1521x736,,,,Consent form,5,selfreport_probe,No,consent10,1,Eligible,Voucher
11,1753898361706,30/07/2025 17:59,1753898361185,1,30/07/2025 18:59,234742,9,questionnaire-ja44,,48445013,BLINDED,13899490,,complete,,,computer,Desktop or Laptop,Windows 10,Edge 136.0.0.0,1536x864,1521x736,,,,Consent form,5,selfreport_probe,No,END QUESTIONNAIRE,8107,Eligible,Voucher
1,1753899143812,30/07/2025 18:12,1753899143489,1,30/07/2025 19:12,234742,9,questionnaire-ja44,,48445293,BLINDED,13899548,,complete,,,computer,Desktop or Laptop,Linux x86_64,Chrome 130.0.0.0,393x873,1089x1895,,,,Consent form,5,probe_selfreport,No,BEGIN QUESTIONNAIRE,,Eligible,Voucher
2,1753899171768,30/07/2025 18:12,1753899171561,1,30/07/2025 19:12,234742,9,questionnaire-ja44,,48445293,BLINDED,13899548,,complete,,,computer,Desktop or Laptop,Linux x86_64,Chrome 130.0.0.0,393x873,1089x1895,,,,Consent form,5,probe_selfreport,No,consent1,1,Eligible,Voucher
3,1753899172001,30/07/2025 18:12,1753899171563,1,30/07/2025 19:12,234742,9,questionnaire-ja44,,48445293,BLINDED,13899548,,complete,,,computer,Desktop or Laptop,Linux x86_64,Chrome 130.0.0.0,393x873,1089x1895,,,,Consent form,5,probe_selfreport,No,consent2,1,Eligible,Voucher
4,1753899172001,30/07/2025 18:12,1753899171564,1,30/07/2025 19:12,234742,9,questionnaire-ja44,,48445293,BLINDED,13899548,,complete,,,computer,Desktop or Laptop,Linux x86_64,Chrome 130.0.0.0,393x873,1089x1895,,,,Consent form,5,probe_selfreport,No,consent3,1,Eligible,Voucher
5,1753899172001,30/07/2025 18:12,1753899171565,1,30/07/2025 19:12,234742,9,questionnaire-ja44,,48445293,BLINDED,13899548,,complete,,,computer,Desktop or Laptop,Linux x86_64,Chrome 130.0.0.0,393x873,1089x1895,,,,Consent form,5,probe_selfreport,No,consent5,1,Eligible,Voucher
6,1753899172001,30/07/2025 18:12,1753899171565,1,30/07/2025 19:12,234742,9,questionnaire-ja44,,48445293,BLINDED,13899548,,complete,,,computer,Desktop or Laptop,Linux x86_64,Chrome 130.0.0.0,393x873,1089x1895,,,,Consent form,5,probe_selfreport,No,consent6,1,Eligible,Voucher
7,1753899172001,30/07/2025 18:12,1753899171566,1,30/07/2025 19:12,234742,9,questionnaire-ja44,,48445293,BLINDED,13899548,,complete,,,computer,Desktop or Laptop,Linux x86_64,Chrome 130.0.0.0,393x873,1089x1895,,,,Consent form,5,probe_selfreport,No,consent7,1,Eligible,Voucher
8,1753899172001,30/07/2025 18:12,1753899171566,1,30/07/2025 19:12,234742,9,questionnaire-ja44,,48445293,BLINDED,13899548,,complete,,,computer,Desktop or Laptop,Linux x86_64,Chrome 130.0.0.0,393x873,1089x1895,,,,Consent form,5,probe_selfreport,No,consent8,1,Eligible,Voucher
9,1753899172001,30/07/2025 18:12,1753899171567,1,30/07/2025 19:12,234742,9,questionnaire-ja44,,48445293,BLINDED,13899548,,complete,,,computer,Desktop or Laptop,Linux x86_64,Chrome 130.0.0.0,393x873,1089x1895,,,,Consent form,5,probe_selfreport,No,consent9,1,Eligible,Voucher
10,1753899172001,30/07/2025 18:12,1753899171568,1,30/07/2025 19:12,234742,9,questionnaire-ja44,,48445293,BLINDED,13899548,,complete,,,computer,Desktop or Laptop,Linux x86_64,Chrome 130.0.0.0,393x873,1089x1895,,,,Consent form,5,probe_selfreport,No,consent10,1,Eligible,Voucher
11,1753899172001,30/07/2025 18:12,1753899171569,1,30/07/2025 19:12,234742,9,questionnaire-ja44,,48445293,BLINDED,13899548,,complete,,,computer,Desktop or Laptop,Linux x86_64,Chrome 130.0.0.0,393x873,1089x1895,,,,Consent form,5,probe_selfreport,No,END QUESTIONNAIRE,28080,Eligible,Voucher
1,1753913984789,30/07/2025 22:19,1753913984240,-7,30/07/2025 15:19,234742,9,questionnaire-ja44,,48449487,BLINDED,13900380,,complete,,,computer,Desktop or Laptop,Windows 10,Chrome 137.0.0.0,1366x768,1366x641,,,,Consent form,5,selfreport_probe,No,BEGIN QUESTIONNAIRE,,Eligible,Voucher
2,1753914030061,30/07/2025 22:20,1753914029886,-7,30/07/2025 15:20,234742,9,questionnaire-ja44,,48449487,BLINDED,13900380,,complete,,,computer,Desktop or Laptop,Windows 10,Chrome 137.0.0.0,1366x768,1351x641,,,,Consent form,5,selfreport_probe,No,consent1,1,Eligible,Voucher
3,1753914034087,30/07/2025 22:20,1753914029888,-7,30/07/2025 15:20,234742,9,questionnaire-ja44,,48449487,BLINDED,13900380,,complete,,,computer,Desktop or Laptop,Windows 10,Chrome 137.0.0.0,1366x768,1351x641,,,,Consent form,5,selfreport_probe,No,consent2,1,Eligible,Voucher
4,1753914034087,30/07/2025 22:20,1753914029888,-7,30/07/2025 15:20,234742,9,questionnaire-ja44,,48449487,BLINDED,13900380,,complete,,,computer,Desktop or Laptop,Windows 10,Chrome 137.0.0.0,1366x768,1351x641,,,,Consent form,5,selfreport_probe,No,consent3,1,Eligible,Voucher
5,1753914034087,30/07/2025 22:20,1753914029888,-7,30/07/2025 15:20,234742,9,questionnaire-ja44,,48449487,BLINDED,13900380,,complete,,,computer,Desktop or Laptop,Windows 10,Chrome 137.0.0.0,1366x768,1351x641,,,,Consent form,5,selfreport_probe,No,consent5,1,Eligible,Voucher
6,1753914034087,30/07/2025 22:20,1753914029888,-7,30/07/2025 15:20,234742,9,questionnaire-ja44,,48449487,BLINDED,13900380,,complete,,,computer,Desktop or Laptop,Windows 10,Chrome 137.0.0.0,1366x768,1351x641,,,,Consent form,5,selfreport_probe,No,consent6,1,Eligible,Voucher
7,1753914034087,30/07/2025 22:20,1753914029889,-7,30/07/2025 15:20,234742,9,questionnaire-ja44,,48449487,BLINDED,13900380,,complete,,,computer,Desktop or Laptop,Windows 10,Chrome 137.0.0.0,1366x768,1351x641,,,,Consent form,5,selfreport_probe,No,consent7,1,Eligible,Voucher
8,1753914034087,30/07/2025 22:20,1753914029889,-7,30/07/2025 15:20,234742,9,questionnaire-ja44,,48449487,BLINDED,13900380,,complete,,,computer,Desktop or Laptop,Windows 10,Chrome 137.0.0.0,1366x768,1351x641,,,,Consent form,5,selfreport_probe,No,consent8,1,Eligible,Voucher
9,1753914034087,30/07/2025 22:20,1753914029889,-7,30/07/2025 15:20,234742,9,questionnaire-ja44,,48449487,BLINDED,13900380,,complete,,,computer,Desktop or Laptop,Windows 10,Chrome 137.0.0.0,1366x768,1351x641,,,,Consent form,5,selfreport_probe,No,consent9,1,Eligible,Voucher
10,1753914034087,30/07/2025 22:20,1753914029889,-7,30/07/2025 15:20,234742,9,questionnaire-ja44,,48449487,BLINDED,13900380,,complete,,,computer,Desktop or Laptop,Windows 10,Chrome 137.0.0.0,1366x768,1351x641,,,,Consent form,5,selfreport_probe,No,consent10,1,Eligible,Voucher
11,1753914034087,30/07/2025 22:20,1753914029890,-7,30/07/2025 15:20,234742,9,questionnaire-ja44,,48449487,BLINDED,13900380,,complete,,,computer,Desktop or Laptop,Windows 10,Chrome 137.0.0.0,1366x768,1351x641,,,,Consent form,5,selfreport_probe,No,END QUESTIONNAIRE,45650,Eligible,Voucher
1,1753959731688,31/07/2025 11:02,1753959731521,1,31/07/2025 12:02,234742,9,questionnaire-ja44,,48458326,BLINDED,13902549,,complete,,,computer,Desktop or Laptop,Mac OS 10.15.7,Safari 16.2,1440x900,1440x820,,,,Consent form,5,probe_selfreport,No,BEGIN QUESTIONNAIRE,,Eligible,Voucher
2,1753959741948,31/07/2025 11:02,1753959741785,1,31/07/2025 12:02,234742,9,questionnaire-ja44,,48458326,BLINDED,13902549,,complete,,,computer,Desktop or Laptop,Mac OS 10.15.7,Safari 16.2,1440x900,1440x820,,,,Consent form,5,probe_selfreport,No,consent1,1,Eligible,Voucher
3,1753959742097,31/07/2025 11:02,1753959741787,1,31/07/2025 12:02,234742,9,questionnaire-ja44,,48458326,BLINDED,13902549,,complete,,,computer,Desktop or Laptop,Mac OS 10.15.7,Safari 16.2,1440x900,1440x820,,,,Consent form,5,probe_selfreport,No,consent2,1,Eligible,Voucher
4,1753959742097,31/07/2025 11:02,1753959741787,1,31/07/2025 12:02,234742,9,questionnaire-ja44,,48458326,BLINDED,13902549,,complete,,,computer,Desktop or Laptop,Mac OS 10.15.7,Safari 16.2,1440x900,1440x820,,,,Consent form,5,probe_selfreport,No,consent3,1,Eligible,Voucher
5,1753959742097,31/07/2025 11:02,1753959741787,1,31/07/2025 12:02,234742,9,questionnaire-ja44,,48458326,BLINDED,13902549,,complete,,,computer,Desktop or Laptop,Mac OS 10.15.7,Safari 16.2,1440x900,1440x820,,,,Consent form,5,probe_selfreport,No,consent5,1,Eligible,Voucher
6,1753959742097,31/07/2025 11:02,1753959741787,1,31/07/2025 12:02,234742,9,questionnaire-ja44,,48458326,BLINDED,13902549,,complete,,,computer,Desktop or Laptop,Mac OS 10.15.7,Safari 16.2,1440x900,1440x820,,,,Consent form,5,probe_selfreport,No,consent6,1,Eligible,Voucher
7,1753959742097,31/07/2025 11:02,1753959741787,1,31/07/2025 12:02,234742,9,questionnaire-ja44,,48458326,BLINDED,13902549,,complete,,,computer,Desktop or Laptop,Mac OS 10.15.7,Safari 16.2,1440x900,1440x820,,,,Consent form,5,probe_selfreport,No,consent7,1,Eligible,Voucher
8,1753959742097,31/07/2025 11:02,1753959741787,1,31/07/2025 12:02,234742,9,questionnaire-ja44,,48458326,BLINDED,13902549,,complete,,,computer,Desktop or Laptop,Mac OS 10.15.7,Safari 16.2,1440x900,1440x820,,,,Consent form,5,probe_selfreport,No,consent8,1,Eligible,Voucher
9,1753959742097,31/07/2025 11:02,1753959741787,1,31/07/2025 12:02,234742,9,questionnaire-ja44,,48458326,BLINDED,13902549,,complete,,,computer,Desktop or Laptop,Mac OS 10.15.7,Safari 16.2,1440x900,1440x820,,,,Consent form,5,probe_selfreport,No,consent9,1,Eligible,Voucher
10,1753959742097,31/07/2025 11:02,1753959741787,1,31/07/2025 12:02,234742,9,questionnaire-ja44,,48458326,BLINDED,13902549,,complete,,,computer,Desktop or Laptop,Mac OS 10.15.7,Safari 16.2,1440x900,1440x820,,,,Consent form,5,probe_selfreport,No,consent10,1,Eligible,Voucher
11,1753959742097,31/07/2025 11:02,1753959741787,1,31/07/2025 12:02,234742,9,questionnaire-ja44,,48458326,BLINDED,13902549,,complete,,,computer,Desktop or Laptop,Mac OS 10.15.7,Safari 16.2,1440x900,1440x820,,,,Consent form,5,probe_selfreport,No,END QUESTIONNAIRE,10266,Eligible,Voucher
1,1753972382486,31/07/2025 14:33,1753972379390,2,31/07/2025 16:32,234742,9,questionnaire-ja44,,48462033,BLINDED,13903684,,complete,,,computer,Desktop or Laptop,Mac OS 10.15.7,Safari 18.3.1,1470x956,1470x816,,,,Consent form,5,selfreport_probe,No,BEGIN QUESTIONNAIRE,,Eligible,Voucher
2,1753972391952,31/07/2025 14:33,1753972388902,2,31/07/2025 16:33,234742,9,questionnaire-ja44,,48462033,BLINDED,13903684,,complete,,,computer,Desktop or Laptop,Mac OS 10.15.7,Safari 18.3.1,1470x956,1470x816,,,,Consent form,5,selfreport_probe,No,consent1,1,Eligible,Voucher
3,1753972392019,31/07/2025 14:33,1753972388905,2,31/07/2025 16:33,234742,9,questionnaire-ja44,,48462033,BLINDED,13903684,,complete,,,computer,Desktop or Laptop,Mac OS 10.15.7,Safari 18.3.1,1470x956,1470x816,,,,Consent form,5,selfreport_probe,No,consent2,1,Eligible,Voucher
4,1753972392019,31/07/2025 14:33,1753972388905,2,31/07/2025 16:33,234742,9,questionnaire-ja44,,48462033,BLINDED,13903684,,complete,,,computer,Desktop or Laptop,Mac OS 10.15.7,Safari 18.3.1,1470x956,1470x816,,,,Consent form,5,selfreport_probe,No,consent3,1,Eligible,Voucher
5,1753972392019,31/07/2025 14:33,1753972388906,2,31/07/2025 16:33,234742,9,questionnaire-ja44,,48462033,BLINDED,13903684,,complete,,,computer,Desktop or Laptop,Mac OS 10.15.7,Safari 18.3.1,1470x956,1470x816,,,,Consent form,5,selfreport_probe,No,consent5,1,Eligible,Voucher
6,1753972392019,31/07/2025 14:33,1753972388906,2,31/07/2025 16:33,234742,9,questionnaire-ja44,,48462033,BLINDED,13903684,,complete,,,computer,Desktop or Laptop,Mac OS 10.15.7,Safari 18.3.1,1470x956,1470x816,,,,Consent form,5,selfreport_probe,No,consent6,1,Eligible,Voucher
7,1753972392019,31/07/2025 14:33,1753972388906,2,31/07/2025 16:33,234742,9,questionnaire-ja44,,48462033,BLINDED,13903684,,complete,,,computer,Desktop or Laptop,Mac OS 10.15.7,Safari 18.3.1,1470x956,1470x816,,,,Consent form,5,selfreport_probe,No,consent7,1,Eligible,Voucher
8,1753972392019,31/07/2025 14:33,1753972388906,2,31/07/2025 16:33,234742,9,questionnaire-ja44,,48462033,BLINDED,13903684,,complete,,,computer,Desktop or Laptop,Mac OS 10.15.7,Safari 18.3.1,1470x956,1470x816,,,,Consent form,5,selfreport_probe,No,consent8,1,Eligible,Voucher
9,1753972392019,31/07/2025 14:33,1753972388906,2,31/07/2025 16:33,234742,9,questionnaire-ja44,,48462033,BLINDED,13903684,,complete,,,computer,Desktop or Laptop,Mac OS 10.15.7,Safari 18.3.1,1470x956,1470x816,,,,Consent form,5,selfreport_probe,No,consent9,1,Eligible,Voucher
10,1753972392019,31/07/2025 14:33,1753972388906,2,31/07/2025 16:33,234742,9,questionnaire-ja44,,48462033,BLINDED,13903684,,complete,,,computer,Desktop or Laptop,Mac OS 10.15.7,Safari 18.3.1,1470x956,1470x816,,,,Consent form,5,selfreport_probe,No,consent10,1,Eligible,Voucher
11,1753972392019,31/07/2025 14:33,1753972388906,2,31/07/2025 16:33,234742,9,questionnaire-ja44,,48462033,BLINDED,13903684,,complete,,,computer,Desktop or Laptop,Mac OS 10.15.7,Safari 18.3.1,1470x956,1470x816,,,,Consent form,5,selfreport_probe,No,END QUESTIONNAIRE,9516,Eligible,Voucher
1,1753975636009,31/07/2025 15:27,1753914136599,1,30/07/2025 23:22,234742,9,questionnaire-ja44,,48463227,BLINDED,13903970,,complete,,,computer,Desktop or Laptop,Mac OS 10.15.7,Chrome 138.0.0.0,1440x900,1440x812,,,,Consent form,5,probe_selfreport,No,BEGIN QUESTIONNAIRE,,Eligible,Voucher
2,1753975649916,31/07/2025 15:27,1753914150526,1,30/07/2025 23:22,234742,9,questionnaire-ja44,,48463227,BLINDED,13903970,,complete,,,computer,Desktop or Laptop,Mac OS 10.15.7,Chrome 138.0.0.0,1440x900,1440x812,,,,Consent form,5,probe_selfreport,No,consent1,1,Eligible,Voucher
3,1753975649993,31/07/2025 15:27,1753914150527,1,30/07/2025 23:22,234742,9,questionnaire-ja44,,48463227,BLINDED,13903970,,complete,,,computer,Desktop or Laptop,Mac OS 10.15.7,Chrome 138.0.0.0,1440x900,1440x812,,,,Consent form,5,probe_selfreport,No,consent2,1,Eligible,Voucher
4,1753975649993,31/07/2025 15:27,1753914150527,1,30/07/2025 23:22,234742,9,questionnaire-ja44,,48463227,BLINDED,13903970,,complete,,,computer,Desktop or Laptop,Mac OS 10.15.7,Chrome 138.0.0.0,1440x900,1440x812,,,,Consent form,5,probe_selfreport,No,consent3,1,Eligible,Voucher
5,1753975649993,31/07/2025 15:27,1753914150528,1,30/07/2025 23:22,234742,9,questionnaire-ja44,,48463227,BLINDED,13903970,,complete,,,computer,Desktop or Laptop,Mac OS 10.15.7,Chrome 138.0.0.0,1440x900,1440x812,,,,Consent form,5,probe_selfreport,No,consent5,1,Eligible,Voucher
6,1753975649993,31/07/2025 15:27,1753914150528,1,30/07/2025 23:22,234742,9,questionnaire-ja44,,48463227,BLINDED,13903970,,complete,,,computer,Desktop or Laptop,Mac OS 10.15.7,Chrome 138.0.0.0,1440x900,1440x812,,,,Consent form,5,probe_selfreport,No,consent6,1,Eligible,Voucher
7,1753975649993,31/07/2025 15:27,1753914150528,1,30/07/2025 23:22,234742,9,questionnaire-ja44,,48463227,BLINDED,13903970,,complete,,,computer,Desktop or Laptop,Mac OS 10.15.7,Chrome 138.0.0.0,1440x900,1440x812,,,,Consent form,5,probe_selfreport,No,consent7,1,Eligible,Voucher
8,1753975649993,31/07/2025 15:27,1753914150528,1,30/07/2025 23:22,234742,9,questionnaire-ja44,,48463227,BLINDED,13903970,,complete,,,computer,Desktop or Laptop,Mac OS 10.15.7,Chrome 138.0.0.0,1440x900,1440x812,,,,Consent form,5,probe_selfreport,No,consent8,1,Eligible,Voucher
9,1753975649993,31/07/2025 15:27,1753914150528,1,30/07/2025 23:22,234742,9,questionnaire-ja44,,48463227,BLINDED,13903970,,complete,,,computer,Desktop or Laptop,Mac OS 10.15.7,Chrome 138.0.0.0,1440x900,1440x812,,,,Consent form,5,probe_selfreport,No,consent9,1,Eligible,Voucher
10,1753975649993,31/07/2025 15:27,1753914150528,1,30/07/2025 23:22,234742,9,questionnaire-ja44,,48463227,BLINDED,13903970,,complete,,,computer,Desktop or Laptop,Mac OS 10.15.7,Chrome 138.0.0.0,1440x900,1440x812,,,,Consent form,5,probe_selfreport,No,consent10,1,Eligible,Voucher
11,1753975649993,31/07/2025 15:27,1753914150528,1,30/07/2025 23:22,234742,9,questionnaire-ja44,,48463227,BLINDED,13903970,,complete,,,computer,Desktop or Laptop,Mac OS 10.15.7,Chrome 138.0.0.0,1440x900,1440x812,,,,Consent form,5,probe_selfreport,No,END QUESTIONNAIRE,13929,Eligible,Voucher
1,1753978569828,31/07/2025 16:16,1753978567853,1,31/07/2025 17:16,234742,9,questionnaire-ja44,,48464096,BLINDED,13904200,,complete,,,computer,Desktop or Laptop,Windows 10,Chrome 138.0.0.0,1739x979,1740x890,,,,Consent form,5,selfreport_probe,No,BEGIN QUESTIONNAIRE,,Eligible,Voucher
2,1753978581260,31/07/2025 16:16,1753978580625,1,31/07/2025 17:16,234742,9,questionnaire-ja44,,48464096,BLINDED,13904200,,complete,,,computer,Desktop or Laptop,Windows 10,Chrome 138.0.0.0,1739x979,1724x890,,,,Consent form,5,selfreport_probe,No,consent1,1,Eligible,Voucher
3,1753978583089,31/07/2025 16:16,1753978580627,1,31/07/2025 17:16,234742,9,questionnaire-ja44,,48464096,BLINDED,13904200,,complete,,,computer,Desktop or Laptop,Windows 10,Chrome 138.0.0.0,1739x979,1724x890,,,,Consent form,5,selfreport_probe,No,consent2,1,Eligible,Voucher
4,1753978583089,31/07/2025 16:16,1753978580627,1,31/07/2025 17:16,234742,9,questionnaire-ja44,,48464096,BLINDED,13904200,,complete,,,computer,Desktop or Laptop,Windows 10,Chrome 138.0.0.0,1739x979,1724x890,,,,Consent form,5,selfreport_probe,No,consent3,1,Eligible,Voucher
5,1753978583089,31/07/2025 16:16,1753978580627,1,31/07/2025 17:16,234742,9,questionnaire-ja44,,48464096,BLINDED,13904200,,complete,,,computer,Desktop or Laptop,Windows 10,Chrome 138.0.0.0,1739x979,1724x890,,,,Consent form,5,selfreport_probe,No,consent5,1,Eligible,Voucher
6,1753978583089,31/07/2025 16:16,1753978580628,1,31/07/2025 17:16,234742,9,questionnaire-ja44,,48464096,BLINDED,13904200,,complete,,,computer,Desktop or Laptop,Windows 10,Chrome 138.0.0.0,1739x979,1724x890,,,,Consent form,5,selfreport_probe,No,consent6,1,Eligible,Voucher
7,1753978583089,31/07/2025 16:16,1753978580628,1,31/07/2025 17:16,234742,9,questionnaire-ja44,,48464096,BLINDED,13904200,,complete,,,computer,Desktop or Laptop,Windows 10,Chrome 138.0.0.0,1739x979,1724x890,,,,Consent form,5,selfreport_probe,No,consent7,1,Eligible,Voucher
8,1753978583089,31/07/2025 16:16,1753978580628,1,31/07/2025 17:16,234742,9,questionnaire-ja44,,48464096,BLINDED,13904200,,complete,,,computer,Desktop or Laptop,Windows 10,Chrome 138.0.0.0,1739x979,1724x890,,,,Consent form,5,selfreport_probe,No,consent8,1,Eligible,Voucher
9,1753978583089,31/07/2025 16:16,1753978580628,1,31/07/2025 17:16,234742,9,questionnaire-ja44,,48464096,BLINDED,13904200,,complete,,,computer,Desktop or Laptop,Windows 10,Chrome 138.0.0.0,1739x979,1724x890,,,,Consent form,5,selfreport_probe,No,consent9,1,Eligible,Voucher
10,1753978583089,31/07/2025 16:16,1753978580628,1,31/07/2025 17:16,234742,9,questionnaire-ja44,,48464096,BLINDED,13904200,,complete,,,computer,Desktop or Laptop,Windows 10,Chrome 138.0.0.0,1739x979,1724x890,,,,Consent form,5,selfreport_probe,No,consent10,1,Eligible,Voucher
11,1753978583089,31/07/2025 16:16,1753978580629,1,31/07/2025 17:16,234742,9,questionnaire-ja44,,48464096,BLINDED,13904200,,complete,,,computer,Desktop or Laptop,Windows 10,Chrome 138.0.0.0,1739x979,1724x890,,,,Consent form,5,selfreport_probe,No,END QUESTIONNAIRE,12776,Eligible,Voucher
1,1753985551032,31/07/2025 18:12,1753985579061,1,31/07/2025 19:12,234742,9,questionnaire-ja44,,48466070,BLINDED,13904660,,complete,,,computer,Desktop or Laptop,Windows 10,Edge 138.0.0.0,1536x864,1528x708,,,,Consent form,5,selfreport_probe,No,BEGIN QUESTIONNAIRE,,Eligible,Voucher
2,1753985576478,31/07/2025 18:12,1753985604221,1,31/07/2025 19:13,234742,9,questionnaire-ja44,,48466070,BLINDED,13904660,,complete,,,computer,Desktop or Laptop,Windows 10,Edge 138.0.0.0,1536x864,1513x708,,,,Consent form,5,selfreport_probe,No,consent1,1,Eligible,Voucher
3,1753985576577,31/07/2025 18:12,1753985604223,1,31/07/2025 19:13,234742,9,questionnaire-ja44,,48466070,BLINDED,13904660,,complete,,,computer,Desktop or Laptop,Windows 10,Edge 138.0.0.0,1536x864,1513x708,,,,Consent form,5,selfreport_probe,No,consent2,1,Eligible,Voucher
4,1753985576577,31/07/2025 18:12,1753985604223,1,31/07/2025 19:13,234742,9,questionnaire-ja44,,48466070,BLINDED,13904660,,complete,,,computer,Desktop or Laptop,Windows 10,Edge 138.0.0.0,1536x864,1513x708,,,,Consent form,5,selfreport_probe,No,consent3,1,Eligible,Voucher
5,1753985576577,31/07/2025 18:12,1753985604223,1,31/07/2025 19:13,234742,9,questionnaire-ja44,,48466070,BLINDED,13904660,,complete,,,computer,Desktop or Laptop,Windows 10,Edge 138.0.0.0,1536x864,1513x708,,,,Consent form,5,selfreport_probe,No,consent5,1,Eligible,Voucher
6,1753985576577,31/07/2025 18:12,1753985604224,1,31/07/2025 19:13,234742,9,questionnaire-ja44,,48466070,BLINDED,13904660,,complete,,,computer,Desktop or Laptop,Windows 10,Edge 138.0.0.0,1536x864,1513x708,,,,Consent form,5,selfreport_probe,No,consent6,1,Eligible,Voucher
7,1753985576577,31/07/2025 18:12,1753985604224,1,31/07/2025 19:13,234742,9,questionnaire-ja44,,48466070,BLINDED,13904660,,complete,,,computer,Desktop or Laptop,Windows 10,Edge 138.0.0.0,1536x864,1513x708,,,,Consent form,5,selfreport_probe,No,consent7,1,Eligible,Voucher
8,1753985576577,31/07/2025 18:12,1753985604224,1,31/07/2025 19:13,234742,9,questionnaire-ja44,,48466070,BLINDED,13904660,,complete,,,computer,Desktop or Laptop,Windows 10,Edge 138.0.0.0,1536x864,1513x708,,,,Consent form,5,selfreport_probe,No,consent8,1,Eligible,Voucher
9,1753985576577,31/07/2025 18:12,1753985604224,1,31/07/2025 19:13,234742,9,questionnaire-ja44,,48466070,BLINDED,13904660,,complete,,,computer,Desktop or Laptop,Windows 10,Edge 138.0.0.0,1536x864,1513x708,,,,Consent form,5,selfreport_probe,No,consent9,1,Eligible,Voucher
10,1753985576577,31/07/2025 18:12,1753985604224,1,31/07/2025 19:13,234742,9,questionnaire-ja44,,48466070,BLINDED,13904660,,complete,,,computer,Desktop or Laptop,Windows 10,Edge 138.0.0.0,1536x864,1513x708,,,,Consent form,5,selfreport_probe,No,consent10,1,Eligible,Voucher
11,1753985576577,31/07/2025 18:12,1753985604224,1,31/07/2025 19:13,234742,9,questionnaire-ja44,,48466070,BLINDED,13904660,,complete,,,computer,Desktop or Laptop,Windows 10,Edge 138.0.0.0,1536x864,1513x708,,,,Consent form,5,selfreport_probe,No,END QUESTIONNAIRE,25163,Eligible,Voucher
1,1754042499372,01/08/2025 10:01,1754042499300,1,01/08/2025 11:01,234742,9,questionnaire-ja44,,48474259,BLINDED,13906995,,complete,,,computer,Desktop or Laptop,Windows 10,Edge 138.0.0.0,1920x1080,1912x962,,,,Consent form,5,probe_selfreport,No,BEGIN QUESTIONNAIRE,,Eligible,Voucher
2,1754042507089,01/08/2025 10:01,1754042507060,1,01/08/2025 11:01,234742,9,questionnaire-ja44,,48474259,BLINDED,13906995,,complete,,,computer,Desktop or Laptop,Windows 10,Edge 138.0.0.0,1920x1080,1897x962,,,,Consent form,5,probe_selfreport,No,consent1,1,Eligible,Voucher
3,1754042507142,01/08/2025 10:01,1754042507062,1,01/08/2025 11:01,234742,9,questionnaire-ja44,,48474259,BLINDED,13906995,,complete,,,computer,Desktop or Laptop,Windows 10,Edge 138.0.0.0,1920x1080,1897x962,,,,Consent form,5,probe_selfreport,No,consent2,1,Eligible,Voucher
4,1754042507142,01/08/2025 10:01,1754042507062,1,01/08/2025 11:01,234742,9,questionnaire-ja44,,48474259,BLINDED,13906995,,complete,,,computer,Desktop or Laptop,Windows 10,Edge 138.0.0.0,1920x1080,1897x962,,,,Consent form,5,probe_selfreport,No,consent3,1,Eligible,Voucher
5,1754042507142,01/08/2025 10:01,1754042507063,1,01/08/2025 11:01,234742,9,questionnaire-ja44,,48474259,BLINDED,13906995,,complete,,,computer,Desktop or Laptop,Windows 10,Edge 138.0.0.0,1920x1080,1897x962,,,,Consent form,5,probe_selfreport,No,consent5,1,Eligible,Voucher
6,1754042507142,01/08/2025 10:01,1754042507063,1,01/08/2025 11:01,234742,9,questionnaire-ja44,,48474259,BLINDED,13906995,,complete,,,computer,Desktop or Laptop,Windows 10,Edge 138.0.0.0,1920x1080,1897x962,,,,Consent form,5,probe_selfreport,No,consent6,1,Eligible,Voucher
7,1754042507142,01/08/2025 10:01,1754042507063,1,01/08/2025 11:01,234742,9,questionnaire-ja44,,48474259,BLINDED,13906995,,complete,,,computer,Desktop or Laptop,Windows 10,Edge 138.0.0.0,1920x1080,1897x962,,,,Consent form,5,probe_selfreport,No,consent7,1,Eligible,Voucher
8,1754042507142,01/08/2025 10:01,1754042507063,1,01/08/2025 11:01,234742,9,questionnaire-ja44,,48474259,BLINDED,13906995,,complete,,,computer,Desktop or Laptop,Windows 10,Edge 138.0.0.0,1920x1080,1897x962,,,,Consent form,5,probe_selfreport,No,consent8,1,Eligible,Voucher
9,1754042507142,01/08/2025 10:01,1754042507064,1,01/08/2025 11:01,234742,9,questionnaire-ja44,,48474259,BLINDED,13906995,,complete,,,computer,Desktop or Laptop,Windows 10,Edge 138.0.0.0,1920x1080,1897x962,,,,Consent form,5,probe_selfreport,No,consent9,1,Eligible,Voucher
10,1754042507142,01/08/2025 10:01,1754042507064,1,01/08/2025 11:01,234742,9,questionnaire-ja44,,48474259,BLINDED,13906995,,complete,,,computer,Desktop or Laptop,Windows 10,Edge 138.0.0.0,1920x1080,1897x962,,,,Consent form,5,probe_selfreport,No,consent10,1,Eligible,Voucher
11,1754042507142,01/08/2025 10:01,1754042507065,1,01/08/2025 11:01,234742,9,questionnaire-ja44,,48474259,BLINDED,13906995,,complete,,,computer,Desktop or Laptop,Windows 10,Edge 138.0.0.0,1920x1080,1897x962,,,,Consent form,5,probe_selfreport,No,END QUESTIONNAIRE,7765,Eligible,Voucher
1,1754042944993,01/08/2025 10:09,1754042944859,1,01/08/2025 11:09,234742,9,questionnaire-ja44,,48474386,BLINDED,13907028,,complete,,,computer,Desktop or Laptop,Mac OS 10.15.7,Safari 18.0.1,1440x900,1440x797,,,,Consent form,5,selfreport_probe,No,BEGIN QUESTIONNAIRE,,Eligible,Voucher
2,1754042953070,01/08/2025 10:09,1754042952831,1,01/08/2025 11:09,234742,9,questionnaire-ja44,,48474386,BLINDED,13907028,,complete,,,computer,Desktop or Laptop,Mac OS 10.15.7,Safari 18.0.1,1440x900,1440x797,,,,Consent form,5,selfreport_probe,No,consent1,1,Eligible,Voucher
3,1754042953137,01/08/2025 10:09,1754042952833,1,01/08/2025 11:09,234742,9,questionnaire-ja44,,48474386,BLINDED,13907028,,complete,,,computer,Desktop or Laptop,Mac OS 10.15.7,Safari 18.0.1,1440x900,1440x797,,,,Consent form,5,selfreport_probe,No,consent2,1,Eligible,Voucher
4,1754042953137,01/08/2025 10:09,1754042952833,1,01/08/2025 11:09,234742,9,questionnaire-ja44,,48474386,BLINDED,13907028,,complete,,,computer,Desktop or Laptop,Mac OS 10.15.7,Safari 18.0.1,1440x900,1440x797,,,,Consent form,5,selfreport_probe,No,consent3,1,Eligible,Voucher
5,1754042953137,01/08/2025 10:09,1754042952833,1,01/08/2025 11:09,234742,9,questionnaire-ja44,,48474386,BLINDED,13907028,,complete,,,computer,Desktop or Laptop,Mac OS 10.15.7,Safari 18.0.1,1440x900,1440x797,,,,Consent form,5,selfreport_probe,No,consent5,1,Eligible,Voucher
6,1754042953137,01/08/2025 10:09,1754042952833,1,01/08/2025 11:09,234742,9,questionnaire-ja44,,48474386,BLINDED,13907028,,complete,,,computer,Desktop or Laptop,Mac OS 10.15.7,Safari 18.0.1,1440x900,1440x797,,,,Consent form,5,selfreport_probe,No,consent6,1,Eligible,Voucher
7,1754042953137,01/08/2025 10:09,1754042952833,1,01/08/2025 11:09,234742,9,questionnaire-ja44,,48474386,BLINDED,13907028,,complete,,,computer,Desktop or Laptop,Mac OS 10.15.7,Safari 18.0.1,1440x900,1440x797,,,,Consent form,5,selfreport_probe,No,consent7,1,Eligible,Voucher
8,1754042953137,01/08/2025 10:09,1754042952833,1,01/08/2025 11:09,234742,9,questionnaire-ja44,,48474386,BLINDED,13907028,,complete,,,computer,Desktop or Laptop,Mac OS 10.15.7,Safari 18.0.1,1440x900,1440x797,,,,Consent form,5,selfreport_probe,No,consent8,1,Eligible,Voucher
9,1754042953137,01/08/2025 10:09,1754042952833,1,01/08/2025 11:09,234742,9,questionnaire-ja44,,48474386,BLINDED,13907028,,complete,,,computer,Desktop or Laptop,Mac OS 10.15.7,Safari 18.0.1,1440x900,1440x797,,,,Consent form,5,selfreport_probe,No,consent9,1,Eligible,Voucher
10,1754042953137,01/08/2025 10:09,1754042952833,1,01/08/2025 11:09,234742,9,questionnaire-ja44,,48474386,BLINDED,13907028,,complete,,,computer,Desktop or Laptop,Mac OS 10.15.7,Safari 18.0.1,1440x900,1440x797,,,,Consent form,5,selfreport_probe,No,consent10,1,Eligible,Voucher
11,1754042953137,01/08/2025 10:09,1754042952833,1,01/08/2025 11:09,234742,9,questionnaire-ja44,,48474386,BLINDED,13907028,,complete,,,computer,Desktop or Laptop,Mac OS 10.15.7,Safari 18.0.1,1440x900,1440x797,,,,Consent form,5,selfreport_probe,No,END QUESTIONNAIRE,7974,Eligible,Voucher
1,1754044892406,01/08/2025 10:41,1754044891784,1,01/08/2025 11:41,234742,9,questionnaire-ja44,,48474969,BLINDED,13907280,,complete,,,computer,Desktop or Laptop,Windows 10,Edge 137.0.0.0,1536x864,1528x738,,,,Consent form,5,probe_selfreport,No,BEGIN QUESTIONNAIRE,,Eligible,No Voucher
2,1754044922220,01/08/2025 10:42,1754044921492,1,01/08/2025 11:42,234742,9,questionnaire-ja44,,48474969,BLINDED,13907280,,complete,,,computer,Desktop or Laptop,Windows 10,Edge 137.0.0.0,1536x864,1513x738,,,,Consent form,5,probe_selfreport,No,consent1,1,Eligible,No Voucher
3,1754044922319,01/08/2025 10:42,1754044921494,1,01/08/2025 11:42,234742,9,questionnaire-ja44,,48474969,BLINDED,13907280,,complete,,,computer,Desktop or Laptop,Windows 10,Edge 137.0.0.0,1536x864,1513x738,,,,Consent form,5,probe_selfreport,No,consent2,1,Eligible,No Voucher
4,1754044922319,01/08/2025 10:42,1754044921494,1,01/08/2025 11:42,234742,9,questionnaire-ja44,,48474969,BLINDED,13907280,,complete,,,computer,Desktop or Laptop,Windows 10,Edge 137.0.0.0,1536x864,1513x738,,,,Consent form,5,probe_selfreport,No,consent3,1,Eligible,No Voucher
5,1754044922319,01/08/2025 10:42,1754044921494,1,01/08/2025 11:42,234742,9,questionnaire-ja44,,48474969,BLINDED,13907280,,complete,,,computer,Desktop or Laptop,Windows 10,Edge 137.0.0.0,1536x864,1513x738,,,,Consent form,5,probe_selfreport,No,consent5,1,Eligible,No Voucher
6,1754044922319,01/08/2025 10:42,1754044921494,1,01/08/2025 11:42,234742,9,questionnaire-ja44,,48474969,BLINDED,13907280,,complete,,,computer,Desktop or Laptop,Windows 10,Edge 137.0.0.0,1536x864,1513x738,,,,Consent form,5,probe_selfreport,No,consent6,1,Eligible,No Voucher
7,1754044922319,01/08/2025 10:42,1754044921494,1,01/08/2025 11:42,234742,9,questionnaire-ja44,,48474969,BLINDED,13907280,,complete,,,computer,Desktop or Laptop,Windows 10,Edge 137.0.0.0,1536x864,1513x738,,,,Consent form,5,probe_selfreport,No,consent7,1,Eligible,No Voucher
8,1754044922319,01/08/2025 10:42,1754044921494,1,01/08/2025 11:42,234742,9,questionnaire-ja44,,48474969,BLINDED,13907280,,complete,,,computer,Desktop or Laptop,Windows 10,Edge 137.0.0.0,1536x864,1513x738,,,,Consent form,5,probe_selfreport,No,consent8,1,Eligible,No Voucher
9,1754044922319,01/08/2025 10:42,1754044921495,1,01/08/2025 11:42,234742,9,questionnaire-ja44,,48474969,BLINDED,13907280,,complete,,,computer,Desktop or Laptop,Windows 10,Edge 137.0.0.0,1536x864,1513x738,,,,Consent form,5,probe_selfreport,No,consent9,1,Eligible,No Voucher
10,1754044922319,01/08/2025 10:42,1754044921495,1,01/08/2025 11:42,234742,9,questionnaire-ja44,,48474969,BLINDED,13907280,,complete,,,computer,Desktop or Laptop,Windows 10,Edge 137.0.0.0,1536x864,1513x738,,,,Consent form,5,probe_selfreport,No,consent10,1,Eligible,No Voucher
11,1754044922319,01/08/2025 10:42,1754044921495,1,01/08/2025 11:42,234742,9,questionnaire-ja44,,48474969,BLINDED,13907280,,complete,,,computer,Desktop or Laptop,Windows 10,Edge 137.0.0.0,1536x864,1513x738,,,,Consent form,5,probe_selfreport,No,END QUESTIONNAIRE,29711,Eligible,No Voucher
1,1754045563208,01/08/2025 10:52,1754045562317,1,01/08/2025 11:52,234742,9,questionnaire-ja44,,48475110,BLINDED,13907333,,complete,,,computer,Desktop or Laptop,Windows 10,Chrome 138.0.0.0,1280x720,1280x566,,,,Consent form,5,probe_selfreport,No,BEGIN QUESTIONNAIRE,,Eligible,Voucher
2,1754045595463,01/08/2025 10:53,1754045594743,1,01/08/2025 11:53,234742,9,questionnaire-ja44,,48475110,BLINDED,13907333,,complete,,,computer,Desktop or Laptop,Windows 10,Chrome 138.0.0.0,1280x720,1265x566,,,,Consent form,5,probe_selfreport,No,consent1,1,Eligible,Voucher
3,1754045595522,01/08/2025 10:53,1754045594745,1,01/08/2025 11:53,234742,9,questionnaire-ja44,,48475110,BLINDED,13907333,,complete,,,computer,Desktop or Laptop,Windows 10,Chrome 138.0.0.0,1280x720,1265x566,,,,Consent form,5,probe_selfreport,No,consent2,1,Eligible,Voucher
4,1754045595522,01/08/2025 10:53,1754045594745,1,01/08/2025 11:53,234742,9,questionnaire-ja44,,48475110,BLINDED,13907333,,complete,,,computer,Desktop or Laptop,Windows 10,Chrome 138.0.0.0,1280x720,1265x566,,,,Consent form,5,probe_selfreport,No,consent3,1,Eligible,Voucher
5,1754045595522,01/08/2025 10:53,1754045594745,1,01/08/2025 11:53,234742,9,questionnaire-ja44,,48475110,BLINDED,13907333,,complete,,,computer,Desktop or Laptop,Windows 10,Chrome 138.0.0.0,1280x720,1265x566,,,,Consent form,5,probe_selfreport,No,consent5,1,Eligible,Voucher
6,1754045595522,01/08/2025 10:53,1754045594745,1,01/08/2025 11:53,234742,9,questionnaire-ja44,,48475110,BLINDED,13907333,,complete,,,computer,Desktop or Laptop,Windows 10,Chrome 138.0.0.0,1280x720,1265x566,,,,Consent form,5,probe_selfreport,No,consent6,1,Eligible,Voucher
7,1754045595522,01/08/2025 10:53,1754045594745,1,01/08/2025 11:53,234742,9,questionnaire-ja44,,48475110,BLINDED,13907333,,complete,,,computer,Desktop or Laptop,Windows 10,Chrome 138.0.0.0,1280x720,1265x566,,,,Consent form,5,probe_selfreport,No,consent7,1,Eligible,Voucher
8,1754045595522,01/08/2025 10:53,1754045594745,1,01/08/2025 11:53,234742,9,questionnaire-ja44,,48475110,BLINDED,13907333,,complete,,,computer,Desktop or Laptop,Windows 10,Chrome 138.0.0.0,1280x720,1265x566,,,,Consent form,5,probe_selfreport,No,consent8,1,Eligible,Voucher
9,1754045595522,01/08/2025 10:53,1754045594746,1,01/08/2025 11:53,234742,9,questionnaire-ja44,,48475110,BLINDED,13907333,,complete,,,computer,Desktop or Laptop,Windows 10,Chrome 138.0.0.0,1280x720,1265x566,,,,Consent form,5,probe_selfreport,No,consent9,1,Eligible,Voucher
10,1754045595522,01/08/2025 10:53,1754045594746,1,01/08/2025 11:53,234742,9,questionnaire-ja44,,48475110,BLINDED,13907333,,complete,,,computer,Desktop or Laptop,Windows 10,Chrome 138.0.0.0,1280x720,1265x566,,,,Consent form,5,probe_selfreport,No,consent10,1,Eligible,Voucher
11,1754045595522,01/08/2025 10:53,1754045594746,1,01/08/2025 11:53,234742,9,questionnaire-ja44,,48475110,BLINDED,13907333,,complete,,,computer,Desktop or Laptop,Windows 10,Chrome 138.0.0.0,1280x720,1265x566,,,,Consent form,5,probe_selfreport,No,END QUESTIONNAIRE,32429,Eligible,Voucher
1,1754048733891,01/08/2025 11:45,1754048733654,1,01/08/2025 12:45,234742,9,questionnaire-ja44,,48476127,BLINDED,13907670,,complete,,,computer,Desktop or Laptop,Mac OS 10.15.7,Safari 16.6,1680x1050,1680x970,,,,Consent form,5,probe_selfreport,No,BEGIN QUESTIONNAIRE,,Eligible,No Voucher
2,1754048745044,01/08/2025 11:45,1754048744725,1,01/08/2025 12:45,234742,9,questionnaire-ja44,,48476127,BLINDED,13907670,,complete,,,computer,Desktop or Laptop,Mac OS 10.15.7,Safari 16.6,1680x1050,1680x970,,,,Consent form,5,probe_selfreport,No,consent1,1,Eligible,No Voucher
3,1754048745404,01/08/2025 11:45,1754048744728,1,01/08/2025 12:45,234742,9,questionnaire-ja44,,48476127,BLINDED,13907670,,complete,,,computer,Desktop or Laptop,Mac OS 10.15.7,Safari 16.6,1680x1050,1680x970,,,,Consent form,5,probe_selfreport,No,consent2,1,Eligible,No Voucher
4,1754048745404,01/08/2025 11:45,1754048744728,1,01/08/2025 12:45,234742,9,questionnaire-ja44,,48476127,BLINDED,13907670,,complete,,,computer,Desktop or Laptop,Mac OS 10.15.7,Safari 16.6,1680x1050,1680x970,,,,Consent form,5,probe_selfreport,No,consent3,1,Eligible,No Voucher
5,1754048745404,01/08/2025 11:45,1754048744728,1,01/08/2025 12:45,234742,9,questionnaire-ja44,,48476127,BLINDED,13907670,,complete,,,computer,Desktop or Laptop,Mac OS 10.15.7,Safari 16.6,1680x1050,1680x970,,,,Consent form,5,probe_selfreport,No,consent5,1,Eligible,No Voucher
6,1754048745404,01/08/2025 11:45,1754048744728,1,01/08/2025 12:45,234742,9,questionnaire-ja44,,48476127,BLINDED,13907670,,complete,,,computer,Desktop or Laptop,Mac OS 10.15.7,Safari 16.6,1680x1050,1680x970,,,,Consent form,5,probe_selfreport,No,consent6,1,Eligible,No Voucher
7,1754048745404,01/08/2025 11:45,1754048744728,1,01/08/2025 12:45,234742,9,questionnaire-ja44,,48476127,BLINDED,13907670,,complete,,,computer,Desktop or Laptop,Mac OS 10.15.7,Safari 16.6,1680x1050,1680x970,,,,Consent form,5,probe_selfreport,No,consent7,1,Eligible,No Voucher
8,1754048745404,01/08/2025 11:45,1754048744728,1,01/08/2025 12:45,234742,9,questionnaire-ja44,,48476127,BLINDED,13907670,,complete,,,computer,Desktop or Laptop,Mac OS 10.15.7,Safari 16.6,1680x1050,1680x970,,,,Consent form,5,probe_selfreport,No,consent8,1,Eligible,No Voucher
9,1754048745404,01/08/2025 11:45,1754048744728,1,01/08/2025 12:45,234742,9,questionnaire-ja44,,48476127,BLINDED,13907670,,complete,,,computer,Desktop or Laptop,Mac OS 10.15.7,Safari 16.6,1680x1050,1680x970,,,,Consent form,5,probe_selfreport,No,consent9,1,Eligible,No Voucher
10,1754048745404,01/08/2025 11:45,1754048744729,1,01/08/2025 12:45,234742,9,questionnaire-ja44,,48476127,BLINDED,13907670,,complete,,,computer,Desktop or Laptop,Mac OS 10.15.7,Safari 16.6,1680x1050,1680x970,,,,Consent form,5,probe_selfreport,No,consent10,1,Eligible,No Voucher
11,1754048745404,01/08/2025 11:45,1754048744729,1,01/08/2025 12:45,234742,9,questionnaire-ja44,,48476127,BLINDED,13907670,,complete,,,computer,Desktop or Laptop,Mac OS 10.15.7,Safari 16.6,1680x1050,1680x970,,,,Consent form,5,probe_selfreport,No,END QUESTIONNAIRE,11075,Eligible,No Voucher
1,1754048975074,01/08/2025 11:49,1754048974897,1,01/08/2025 12:49,234742,9,questionnaire-ja44,,48476216,BLINDED,13907689,,complete,,,computer,Desktop or Laptop,Mac OS 10.15.7,Safari 18.3.1,1470x956,1470x840,,,,Consent form,5,selfreport_probe,No,BEGIN QUESTIONNAIRE,,Eligible,Voucher
2,1754049021141,01/08/2025 11:50,1754049020864,1,01/08/2025 12:50,234742,9,questionnaire-ja44,,48476216,BLINDED,13907689,,complete,,,computer,Desktop or Laptop,Mac OS 10.15.7,Safari 18.3.1,1470x956,1455x840,,,,Consent form,5,selfreport_probe,No,consent1,1,Eligible,Voucher
3,1754049021329,01/08/2025 11:50,1754049020866,1,01/08/2025 12:50,234742,9,questionnaire-ja44,,48476216,BLINDED,13907689,,complete,,,computer,Desktop or Laptop,Mac OS 10.15.7,Safari 18.3.1,1470x956,1455x840,,,,Consent form,5,selfreport_probe,No,consent2,1,Eligible,Voucher
4,1754049021329,01/08/2025 11:50,1754049020866,1,01/08/2025 12:50,234742,9,questionnaire-ja44,,48476216,BLINDED,13907689,,complete,,,computer,Desktop or Laptop,Mac OS 10.15.7,Safari 18.3.1,1470x956,1455x840,,,,Consent form,5,selfreport_probe,No,consent3,1,Eligible,Voucher
5,1754049021329,01/08/2025 11:50,1754049020866,1,01/08/2025 12:50,234742,9,questionnaire-ja44,,48476216,BLINDED,13907689,,complete,,,computer,Desktop or Laptop,Mac OS 10.15.7,Safari 18.3.1,1470x956,1455x840,,,,Consent form,5,selfreport_probe,No,consent5,1,Eligible,Voucher
6,1754049021329,01/08/2025 11:50,1754049020866,1,01/08/2025 12:50,234742,9,questionnaire-ja44,,48476216,BLINDED,13907689,,complete,,,computer,Desktop or Laptop,Mac OS 10.15.7,Safari 18.3.1,1470x956,1455x840,,,,Consent form,5,selfreport_probe,No,consent6,1,Eligible,Voucher
7,1754049021329,01/08/2025 11:50,1754049020866,1,01/08/2025 12:50,234742,9,questionnaire-ja44,,48476216,BLINDED,13907689,,complete,,,computer,Desktop or Laptop,Mac OS 10.15.7,Safari 18.3.1,1470x956,1455x840,,,,Consent form,5,selfreport_probe,No,consent7,1,Eligible,Voucher
8,1754049021329,01/08/2025 11:50,1754049020866,1,01/08/2025 12:50,234742,9,questionnaire-ja44,,48476216,BLINDED,13907689,,complete,,,computer,Desktop or Laptop,Mac OS 10.15.7,Safari 18.3.1,1470x956,1455x840,,,,Consent form,5,selfreport_probe,No,consent8,1,Eligible,Voucher
9,1754049021329,01/08/2025 11:50,1754049020866,1,01/08/2025 12:50,234742,9,questionnaire-ja44,,48476216,BLINDED,13907689,,complete,,,computer,Desktop or Laptop,Mac OS 10.15.7,Safari 18.3.1,1470x956,1455x840,,,,Consent form,5,selfreport_probe,No,consent9,1,Eligible,Voucher
10,1754049021329,01/08/2025 11:50,1754049020866,1,01/08/2025 12:50,234742,9,questionnaire-ja44,,48476216,BLINDED,13907689,,complete,,,computer,Desktop or Laptop,Mac OS 10.15.7,Safari 18.3.1,1470x956,1455x840,,,,Consent form,5,selfreport_probe,No,consent10,1,Eligible,Voucher
11,1754049021329,01/08/2025 11:50,1754049020866,1,01/08/2025 12:50,234742,9,questionnaire-ja44,,48476216,BLINDED,13907689,,complete,,,computer,Desktop or Laptop,Mac OS 10.15.7,Safari 18.3.1,1470x956,1455x840,,,,Consent form,5,selfreport_probe,No,END QUESTIONNAIRE,45969,Eligible,Voucher
1,1754052152357,01/08/2025 12:42,1754052152645,1,01/08/2025 13:42,234742,9,questionnaire-ja44,,48477582,BLINDED,13908207,,complete,,,computer,Desktop or Laptop,Windows 10,Chrome 138.0.0.0,1536x864,1536x695,,,,Consent form,5,probe_selfreport,No,BEGIN QUESTIONNAIRE,,Eligible,Voucher
2,1754052166403,01/08/2025 12:42,1754052166591,1,01/08/2025 13:42,234742,9,questionnaire-ja44,,48477582,BLINDED,13908207,,complete,,,computer,Desktop or Laptop,Windows 10,Chrome 138.0.0.0,1536x864,1521x695,,,,Consent form,5,probe_selfreport,No,consent1,1,Eligible,Voucher
3,1754052166466,01/08/2025 12:42,1754052166593,1,01/08/2025 13:42,234742,9,questionnaire-ja44,,48477582,BLINDED,13908207,,complete,,,computer,Desktop or Laptop,Windows 10,Chrome 138.0.0.0,1536x864,1521x695,,,,Consent form,5,probe_selfreport,No,consent2,1,Eligible,Voucher
4,1754052166466,01/08/2025 12:42,1754052166593,1,01/08/2025 13:42,234742,9,questionnaire-ja44,,48477582,BLINDED,13908207,,complete,,,computer,Desktop or Laptop,Windows 10,Chrome 138.0.0.0,1536x864,1521x695,,,,Consent form,5,probe_selfreport,No,consent3,1,Eligible,Voucher
5,1754052166466,01/08/2025 12:42,1754052166593,1,01/08/2025 13:42,234742,9,questionnaire-ja44,,48477582,BLINDED,13908207,,complete,,,computer,Desktop or Laptop,Windows 10,Chrome 138.0.0.0,1536x864,1521x695,,,,Consent form,5,probe_selfreport,No,consent5,1,Eligible,Voucher
6,1754052166466,01/08/2025 12:42,1754052166593,1,01/08/2025 13:42,234742,9,questionnaire-ja44,,48477582,BLINDED,13908207,,complete,,,computer,Desktop or Laptop,Windows 10,Chrome 138.0.0.0,1536x864,1521x695,,,,Consent form,5,probe_selfreport,No,consent6,1,Eligible,Voucher
7,1754052166466,01/08/2025 12:42,1754052166593,1,01/08/2025 13:42,234742,9,questionnaire-ja44,,48477582,BLINDED,13908207,,complete,,,computer,Desktop or Laptop,Windows 10,Chrome 138.0.0.0,1536x864,1521x695,,,,Consent form,5,probe_selfreport,No,consent7,1,Eligible,Voucher
8,1754052166466,01/08/2025 12:42,1754052166594,1,01/08/2025 13:42,234742,9,questionnaire-ja44,,48477582,BLINDED,13908207,,complete,,,computer,Desktop or Laptop,Windows 10,Chrome 138.0.0.0,1536x864,1521x695,,,,Consent form,5,probe_selfreport,No,consent8,1,Eligible,Voucher
9,1754052166466,01/08/2025 12:42,1754052166594,1,01/08/2025 13:42,234742,9,questionnaire-ja44,,48477582,BLINDED,13908207,,complete,,,computer,Desktop or Laptop,Windows 10,Chrome 138.0.0.0,1536x864,1521x695,,,,Consent form,5,probe_selfreport,No,consent9,1,Eligible,Voucher
10,1754052166466,01/08/2025 12:42,1754052166594,1,01/08/2025 13:42,234742,9,questionnaire-ja44,,48477582,BLINDED,13908207,,complete,,,computer,Desktop or Laptop,Windows 10,Chrome 138.0.0.0,1536x864,1521x695,,,,Consent form,5,probe_selfreport,No,consent10,1,Eligible,Voucher
11,1754052166466,01/08/2025 12:42,1754052166594,1,01/08/2025 13:42,234742,9,questionnaire-ja44,,48477582,BLINDED,13908207,,complete,,,computer,Desktop or Laptop,Windows 10,Chrome 138.0.0.0,1536x864,1521x695,,,,Consent form,5,probe_selfreport,No,END QUESTIONNAIRE,13949,Eligible,Voucher
1,1754063481951,01/08/2025 15:51,1754063479613,1,01/08/2025 16:51,234742,9,questionnaire-ja44,,48482648,BLINDED,13909522,,complete,,,computer,Desktop or Laptop,Windows 10,Opera 120.0.0.0,1536x864,1495x707,,,,Consent form,5,probe_selfreport,No,BEGIN QUESTIONNAIRE,,Eligible,Voucher
2,1754063531450,01/08/2025 15:52,1754063529163,1,01/08/2025 16:52,234742,9,questionnaire-ja44,,48482648,BLINDED,13909522,,complete,,,computer,Desktop or Laptop,Windows 10,Opera 120.0.0.0,1536x864,1481x707,,,,Consent form,5,probe_selfreport,No,consent1,1,Eligible,Voucher
3,1754063531485,01/08/2025 15:52,1754063529163,1,01/08/2025 16:52,234742,9,questionnaire-ja44,,48482648,BLINDED,13909522,,complete,,,computer,Desktop or Laptop,Windows 10,Opera 120.0.0.0,1536x864,1481x707,,,,Consent form,5,probe_selfreport,No,consent2,1,Eligible,Voucher
4,1754063531485,01/08/2025 15:52,1754063529163,1,01/08/2025 16:52,234742,9,questionnaire-ja44,,48482648,BLINDED,13909522,,complete,,,computer,Desktop or Laptop,Windows 10,Opera 120.0.0.0,1536x864,1481x707,,,,Consent form,5,probe_selfreport,No,consent3,1,Eligible,Voucher
5,1754063531485,01/08/2025 15:52,1754063529163,1,01/08/2025 16:52,234742,9,questionnaire-ja44,,48482648,BLINDED,13909522,,complete,,,computer,Desktop or Laptop,Windows 10,Opera 120.0.0.0,1536x864,1481x707,,,,Consent form,5,probe_selfreport,No,consent5,1,Eligible,Voucher
6,1754063531485,01/08/2025 15:52,1754063529164,1,01/08/2025 16:52,234742,9,questionnaire-ja44,,48482648,BLINDED,13909522,,complete,,,computer,Desktop or Laptop,Windows 10,Opera 120.0.0.0,1536x864,1481x707,,,,Consent form,5,probe_selfreport,No,consent6,1,Eligible,Voucher
7,1754063531485,01/08/2025 15:52,1754063529164,1,01/08/2025 16:52,234742,9,questionnaire-ja44,,48482648,BLINDED,13909522,,complete,,,computer,Desktop or Laptop,Windows 10,Opera 120.0.0.0,1536x864,1481x707,,,,Consent form,5,probe_selfreport,No,consent7,1,Eligible,Voucher
8,1754063531485,01/08/2025 15:52,1754063529164,1,01/08/2025 16:52,234742,9,questionnaire-ja44,,48482648,BLINDED,13909522,,complete,,,computer,Desktop or Laptop,Windows 10,Opera 120.0.0.0,1536x864,1481x707,,,,Consent form,5,probe_selfreport,No,consent8,1,Eligible,Voucher
9,1754063531485,01/08/2025 15:52,1754063529164,1,01/08/2025 16:52,234742,9,questionnaire-ja44,,48482648,BLINDED,13909522,,complete,,,computer,Desktop or Laptop,Windows 10,Opera 120.0.0.0,1536x864,1481x707,,,,Consent form,5,probe_selfreport,No,consent9,1,Eligible,Voucher
10,1754063531485,01/08/2025 15:52,1754063529164,1,01/08/2025 16:52,234742,9,questionnaire-ja44,,48482648,BLINDED,13909522,,complete,,,computer,Desktop or Laptop,Windows 10,Opera 120.0.0.0,1536x864,1481x707,,,,Consent form,5,probe_selfreport,No,consent10,1,Eligible,Voucher
11,1754063531485,01/08/2025 15:52,1754063529164,1,01/08/2025 16:52,234742,9,questionnaire-ja44,,48482648,BLINDED,13909522,,complete,,,computer,Desktop or Laptop,Windows 10,Opera 120.0.0.0,1536x864,1481x707,,,,Consent form,5,probe_selfreport,No,END QUESTIONNAIRE,49551,Eligible,Voucher
1,1754066082793,01/08/2025 16:34,1754066083555,1,01/08/2025 17:34,234742,9,questionnaire-ja44,,48483375,BLINDED,13909736,,complete,,,computer,Desktop or Laptop,Windows 10,Chrome 137.0.0.0,1536x864,1536x695,,,,Consent form,5,selfreport_probe,No,BEGIN QUESTIONNAIRE,,Eligible,Voucher
2,1754066095993,01/08/2025 16:34,1754066096792,1,01/08/2025 17:34,234742,9,questionnaire-ja44,,48483375,BLINDED,13909736,,complete,,,computer,Desktop or Laptop,Windows 10,Chrome 137.0.0.0,1536x864,1521x695,,,,Consent form,5,selfreport_probe,No,consent1,1,Eligible,Voucher
3,1754066096093,01/08/2025 16:34,1754066096793,1,01/08/2025 17:34,234742,9,questionnaire-ja44,,48483375,BLINDED,13909736,,complete,,,computer,Desktop or Laptop,Windows 10,Chrome 137.0.0.0,1536x864,1521x695,,,,Consent form,5,selfreport_probe,No,consent2,1,Eligible,Voucher
4,1754066096093,01/08/2025 16:34,1754066096793,1,01/08/2025 17:34,234742,9,questionnaire-ja44,,48483375,BLINDED,13909736,,complete,,,computer,Desktop or Laptop,Windows 10,Chrome 137.0.0.0,1536x864,1521x695,,,,Consent form,5,selfreport_probe,No,consent3,1,Eligible,Voucher
5,1754066096093,01/08/2025 16:34,1754066096794,1,01/08/2025 17:34,234742,9,questionnaire-ja44,,48483375,BLINDED,13909736,,complete,,,computer,Desktop or Laptop,Windows 10,Chrome 137.0.0.0,1536x864,1521x695,,,,Consent form,5,selfreport_probe,No,consent5,1,Eligible,Voucher
6,1754066096093,01/08/2025 16:34,1754066096794,1,01/08/2025 17:34,234742,9,questionnaire-ja44,,48483375,BLINDED,13909736,,complete,,,computer,Desktop or Laptop,Windows 10,Chrome 137.0.0.0,1536x864,1521x695,,,,Consent form,5,selfreport_probe,No,consent6,1,Eligible,Voucher
7,1754066096093,01/08/2025 16:34,1754066096794,1,01/08/2025 17:34,234742,9,questionnaire-ja44,,48483375,BLINDED,13909736,,complete,,,computer,Desktop or Laptop,Windows 10,Chrome 137.0.0.0,1536x864,1521x695,,,,Consent form,5,selfreport_probe,No,consent7,1,Eligible,Voucher
8,1754066096093,01/08/2025 16:34,1754066096794,1,01/08/2025 17:34,234742,9,questionnaire-ja44,,48483375,BLINDED,13909736,,complete,,,computer,Desktop or Laptop,Windows 10,Chrome 137.0.0.0,1536x864,1521x695,,,,Consent form,5,selfreport_probe,No,consent8,1,Eligible,Voucher
9,1754066096093,01/08/2025 16:34,1754066096794,1,01/08/2025 17:34,234742,9,questionnaire-ja44,,48483375,BLINDED,13909736,,complete,,,computer,Desktop or Laptop,Windows 10,Chrome 137.0.0.0,1536x864,1521x695,,,,Consent form,5,selfreport_probe,No,consent9,1,Eligible,Voucher
10,1754066096093,01/08/2025 16:34,1754066096794,1,01/08/2025 17:34,234742,9,questionnaire-ja44,,48483375,BLINDED,13909736,,complete,,,computer,Desktop or Laptop,Windows 10,Chrome 137.0.0.0,1536x864,1521x695,,,,Consent form,5,selfreport_probe,No,consent10,1,Eligible,Voucher
11,1754066096093,01/08/2025 16:34,1754066096794,1,01/08/2025 17:34,234742,9,questionnaire-ja44,,48483375,BLINDED,13909736,,complete,,,computer,Desktop or Laptop,Windows 10,Chrome 137.0.0.0,1536x864,1521x695,,,,Consent form,5,selfreport_probe,No,END QUESTIONNAIRE,13239,Eligible,Voucher
1,1754067352876,01/08/2025 16:55,1754067352636,1,01/08/2025 17:55,234742,9,questionnaire-ja44,,48483612,BLINDED,13909813,,complete,,,computer,Desktop or Laptop,Windows 10,Edge 138.0.0.0,1536x864,1528x746,,,,Consent form,5,probe_selfreport,No,BEGIN QUESTIONNAIRE,,Eligible,No Voucher
2,1754067362747,01/08/2025 16:56,1754067362547,1,01/08/2025 17:56,234742,9,questionnaire-ja44,,48483612,BLINDED,13909813,,complete,,,computer,Desktop or Laptop,Windows 10,Edge 138.0.0.0,1536x864,1513x746,,,,Consent form,5,probe_selfreport,No,consent1,1,Eligible,No Voucher
3,1754067362831,01/08/2025 16:56,1754067362550,1,01/08/2025 17:56,234742,9,questionnaire-ja44,,48483612,BLINDED,13909813,,complete,,,computer,Desktop or Laptop,Windows 10,Edge 138.0.0.0,1536x864,1513x746,,,,Consent form,5,probe_selfreport,No,consent2,1,Eligible,No Voucher
4,1754067362831,01/08/2025 16:56,1754067362551,1,01/08/2025 17:56,234742,9,questionnaire-ja44,,48483612,BLINDED,13909813,,complete,,,computer,Desktop or Laptop,Windows 10,Edge 138.0.0.0,1536x864,1513x746,,,,Consent form,5,probe_selfreport,No,consent3,1,Eligible,No Voucher
5,1754067362831,01/08/2025 16:56,1754067362551,1,01/08/2025 17:56,234742,9,questionnaire-ja44,,48483612,BLINDED,13909813,,complete,,,computer,Desktop or Laptop,Windows 10,Edge 138.0.0.0,1536x864,1513x746,,,,Consent form,5,probe_selfreport,No,consent5,1,Eligible,No Voucher
6,1754067362831,01/08/2025 16:56,1754067362552,1,01/08/2025 17:56,234742,9,questionnaire-ja44,,48483612,BLINDED,13909813,,complete,,,computer,Desktop or Laptop,Windows 10,Edge 138.0.0.0,1536x864,1513x746,,,,Consent form,5,probe_selfreport,No,consent6,1,Eligible,No Voucher
7,1754067362831,01/08/2025 16:56,1754067362552,1,01/08/2025 17:56,234742,9,questionnaire-ja44,,48483612,BLINDED,13909813,,complete,,,computer,Desktop or Laptop,Windows 10,Edge 138.0.0.0,1536x864,1513x746,,,,Consent form,5,probe_selfreport,No,consent7,1,Eligible,No Voucher
8,1754067362831,01/08/2025 16:56,1754067362553,1,01/08/2025 17:56,234742,9,questionnaire-ja44,,48483612,BLINDED,13909813,,complete,,,computer,Desktop or Laptop,Windows 10,Edge 138.0.0.0,1536x864,1513x746,,,,Consent form,5,probe_selfreport,No,consent8,1,Eligible,No Voucher
9,1754067362831,01/08/2025 16:56,1754067362553,1,01/08/2025 17:56,234742,9,questionnaire-ja44,,48483612,BLINDED,13909813,,complete,,,computer,Desktop or Laptop,Windows 10,Edge 138.0.0.0,1536x864,1513x746,,,,Consent form,5,probe_selfreport,No,consent9,1,Eligible,No Voucher
10,1754067362831,01/08/2025 16:56,1754067362554,1,01/08/2025 17:56,234742,9,questionnaire-ja44,,48483612,BLINDED,13909813,,complete,,,computer,Desktop or Laptop,Windows 10,Edge 138.0.0.0,1536x864,1513x746,,,,Consent form,5,probe_selfreport,No,consent10,1,Eligible,No Voucher
11,1754067362831,01/08/2025 16:56,1754067362554,1,01/08/2025 17:56,234742,9,questionnaire-ja44,,48483612,BLINDED,13909813,,complete,,,computer,Desktop or Laptop,Windows 10,Edge 138.0.0.0,1536x864,1513x746,,,,Consent form,5,probe_selfreport,No,END QUESTIONNAIRE,9918,Eligible,No Voucher
1,1754125426418,02/08/2025 09:03,1754125426334,1,02/08/2025 10:03,234742,9,questionnaire-ja44,,48488273,BLINDED,13911092,,complete,,,computer,Desktop or Laptop,Mac OS 10.15.7,Safari 18.6,1470x956,1470x839,,,,Consent form,5,selfreport_probe,No,BEGIN QUESTIONNAIRE,,Eligible,Voucher
2,1754125435232,02/08/2025 09:03,1754125435190,1,02/08/2025 10:03,234742,9,questionnaire-ja44,,48488273,BLINDED,13911092,,complete,,,computer,Desktop or Laptop,Mac OS 10.15.7,Safari 18.6,1470x956,1470x839,,,,Consent form,5,selfreport_probe,No,consent1,1,Eligible,Voucher
3,1754125435284,02/08/2025 09:03,1754125435193,1,02/08/2025 10:03,234742,9,questionnaire-ja44,,48488273,BLINDED,13911092,,complete,,,computer,Desktop or Laptop,Mac OS 10.15.7,Safari 18.6,1470x956,1470x839,,,,Consent form,5,selfreport_probe,No,consent2,1,Eligible,Voucher
4,1754125435284,02/08/2025 09:03,1754125435193,1,02/08/2025 10:03,234742,9,questionnaire-ja44,,48488273,BLINDED,13911092,,complete,,,computer,Desktop or Laptop,Mac OS 10.15.7,Safari 18.6,1470x956,1470x839,,,,Consent form,5,selfreport_probe,No,consent3,1,Eligible,Voucher
5,1754125435284,02/08/2025 09:03,1754125435193,1,02/08/2025 10:03,234742,9,questionnaire-ja44,,48488273,BLINDED,13911092,,complete,,,computer,Desktop or Laptop,Mac OS 10.15.7,Safari 18.6,1470x956,1470x839,,,,Consent form,5,selfreport_probe,No,consent5,1,Eligible,Voucher
6,1754125435284,02/08/2025 09:03,1754125435193,1,02/08/2025 10:03,234742,9,questionnaire-ja44,,48488273,BLINDED,13911092,,complete,,,computer,Desktop or Laptop,Mac OS 10.15.7,Safari 18.6,1470x956,1470x839,,,,Consent form,5,selfreport_probe,No,consent6,1,Eligible,Voucher
7,1754125435284,02/08/2025 09:03,1754125435193,1,02/08/2025 10:03,234742,9,questionnaire-ja44,,48488273,BLINDED,13911092,,complete,,,computer,Desktop or Laptop,Mac OS 10.15.7,Safari 18.6,1470x956,1470x839,,,,Consent form,5,selfreport_probe,No,consent7,1,Eligible,Voucher
8,1754125435284,02/08/2025 09:03,1754125435193,1,02/08/2025 10:03,234742,9,questionnaire-ja44,,48488273,BLINDED,13911092,,complete,,,computer,Desktop or Laptop,Mac OS 10.15.7,Safari 18.6,1470x956,1470x839,,,,Consent form,5,selfreport_probe,No,consent8,1,Eligible,Voucher
9,1754125435284,02/08/2025 09:03,1754125435194,1,02/08/2025 10:03,234742,9,questionnaire-ja44,,48488273,BLINDED,13911092,,complete,,,computer,Desktop or Laptop,Mac OS 10.15.7,Safari 18.6,1470x956,1470x839,,,,Consent form,5,selfreport_probe,No,consent9,1,Eligible,Voucher
10,1754125435284,02/08/2025 09:03,1754125435194,1,02/08/2025 10:03,234742,9,questionnaire-ja44,,48488273,BLINDED,13911092,,complete,,,computer,Desktop or Laptop,Mac OS 10.15.7,Safari 18.6,1470x956,1470x839,,,,Consent form,5,selfreport_probe,No,consent10,1,Eligible,Voucher
11,1754125435284,02/08/2025 09:03,1754125435194,1,02/08/2025 10:03,234742,9,questionnaire-ja44,,48488273,BLINDED,13911092,,complete,,,computer,Desktop or Laptop,Mac OS 10.15.7,Safari 18.6,1470x956,1470x839,,,,Consent form,5,selfreport_probe,No,END QUESTIONNAIRE,8860,Eligible,Voucher
1,1754164747957,02/08/2025 19:59,1754164747906,1,02/08/2025 20:59,234742,9,questionnaire-ja44,,48493054,BLINDED,13912295,,complete,,,computer,Desktop or Laptop,Windows 10,Edge 138.0.0.0,1536x864,1528x738,,,,Consent form,5,probe_selfreport,No,BEGIN QUESTIONNAIRE,,Eligible,Voucher
2,1754164781376,02/08/2025 19:59,1754164781397,1,02/08/2025 20:59,234742,9,questionnaire-ja44,,48493054,BLINDED,13912295,,complete,,,computer,Desktop or Laptop,Windows 10,Edge 138.0.0.0,1536x864,1513x738,,,,Consent form,5,probe_selfreport,No,consent1,1,Eligible,Voucher
3,1754164781457,02/08/2025 19:59,1754164781398,1,02/08/2025 20:59,234742,9,questionnaire-ja44,,48493054,BLINDED,13912295,,complete,,,computer,Desktop or Laptop,Windows 10,Edge 138.0.0.0,1536x864,1513x738,,,,Consent form,5,probe_selfreport,No,consent2,1,Eligible,Voucher
4,1754164781457,02/08/2025 19:59,1754164781398,1,02/08/2025 20:59,234742,9,questionnaire-ja44,,48493054,BLINDED,13912295,,complete,,,computer,Desktop or Laptop,Windows 10,Edge 138.0.0.0,1536x864,1513x738,,,,Consent form,5,probe_selfreport,No,consent3,1,Eligible,Voucher
5,1754164781457,02/08/2025 19:59,1754164781398,1,02/08/2025 20:59,234742,9,questionnaire-ja44,,48493054,BLINDED,13912295,,complete,,,computer,Desktop or Laptop,Windows 10,Edge 138.0.0.0,1536x864,1513x738,,,,Consent form,5,probe_selfreport,No,consent5,1,Eligible,Voucher
6,1754164781457,02/08/2025 19:59,1754164781398,1,02/08/2025 20:59,234742,9,questionnaire-ja44,,48493054,BLINDED,13912295,,complete,,,computer,Desktop or Laptop,Windows 10,Edge 138.0.0.0,1536x864,1513x738,,,,Consent form,5,probe_selfreport,No,consent6,1,Eligible,Voucher
7,1754164781457,02/08/2025 19:59,1754164781398,1,02/08/2025 20:59,234742,9,questionnaire-ja44,,48493054,BLINDED,13912295,,complete,,,computer,Desktop or Laptop,Windows 10,Edge 138.0.0.0,1536x864,1513x738,,,,Consent form,5,probe_selfreport,No,consent7,1,Eligible,Voucher
8,1754164781457,02/08/2025 19:59,1754164781398,1,02/08/2025 20:59,234742,9,questionnaire-ja44,,48493054,BLINDED,13912295,,complete,,,computer,Desktop or Laptop,Windows 10,Edge 138.0.0.0,1536x864,1513x738,,,,Consent form,5,probe_selfreport,No,consent8,1,Eligible,Voucher
9,1754164781457,02/08/2025 19:59,1754164781398,1,02/08/2025 20:59,234742,9,questionnaire-ja44,,48493054,BLINDED,13912295,,complete,,,computer,Desktop or Laptop,Windows 10,Edge 138.0.0.0,1536x864,1513x738,,,,Consent form,5,probe_selfreport,No,consent9,1,Eligible,Voucher
10,1754164781457,02/08/2025 19:59,1754164781398,1,02/08/2025 20:59,234742,9,questionnaire-ja44,,48493054,BLINDED,13912295,,complete,,,computer,Desktop or Laptop,Windows 10,Edge 138.0.0.0,1536x864,1513x738,,,,Consent form,5,probe_selfreport,No,consent10,1,Eligible,Voucher
11,1754164781457,02/08/2025 19:59,1754164781399,1,02/08/2025 20:59,234742,9,questionnaire-ja44,,48493054,BLINDED,13912295,,complete,,,computer,Desktop or Laptop,Windows 10,Edge 138.0.0.0,1536x864,1513x738,,,,Consent form,5,probe_selfreport,No,END QUESTIONNAIRE,33493,Eligible,Voucher
1,1754256171411,03/08/2025 21:22,1754256171280,1,03/08/2025 22:22,234742,9,questionnaire-ja44,,48501497,BLINDED,13914804,,complete,,,computer,Desktop or Laptop,Windows 10,Opera 120.0.0.0,1536x864,1534x743,,,,Consent form,5,selfreport_probe,No,BEGIN QUESTIONNAIRE,,Eligible,Voucher
2,1754256179988,03/08/2025 21:22,1754256179887,1,03/08/2025 22:22,234742,9,questionnaire-ja44,,48501497,BLINDED,13914804,,complete,,,computer,Desktop or Laptop,Windows 10,Opera 120.0.0.0,1536x864,1519x743,,,,Consent form,5,selfreport_probe,No,consent1,1,Eligible,Voucher
3,1754256180072,03/08/2025 21:23,1754256179888,1,03/08/2025 22:22,234742,9,questionnaire-ja44,,48501497,BLINDED,13914804,,complete,,,computer,Desktop or Laptop,Windows 10,Opera 120.0.0.0,1536x864,1519x743,,,,Consent form,5,selfreport_probe,No,consent2,1,Eligible,Voucher
4,1754256180072,03/08/2025 21:23,1754256179888,1,03/08/2025 22:22,234742,9,questionnaire-ja44,,48501497,BLINDED,13914804,,complete,,,computer,Desktop or Laptop,Windows 10,Opera 120.0.0.0,1536x864,1519x743,,,,Consent form,5,selfreport_probe,No,consent3,1,Eligible,Voucher
5,1754256180072,03/08/2025 21:23,1754256179889,1,03/08/2025 22:22,234742,9,questionnaire-ja44,,48501497,BLINDED,13914804,,complete,,,computer,Desktop or Laptop,Windows 10,Opera 120.0.0.0,1536x864,1519x743,,,,Consent form,5,selfreport_probe,No,consent5,1,Eligible,Voucher
6,1754256180072,03/08/2025 21:23,1754256179889,1,03/08/2025 22:22,234742,9,questionnaire-ja44,,48501497,BLINDED,13914804,,complete,,,computer,Desktop or Laptop,Windows 10,Opera 120.0.0.0,1536x864,1519x743,,,,Consent form,5,selfreport_probe,No,consent6,1,Eligible,Voucher
7,1754256180072,03/08/2025 21:23,1754256179889,1,03/08/2025 22:22,234742,9,questionnaire-ja44,,48501497,BLINDED,13914804,,complete,,,computer,Desktop or Laptop,Windows 10,Opera 120.0.0.0,1536x864,1519x743,,,,Consent form,5,selfreport_probe,No,consent7,1,Eligible,Voucher
8,1754256180072,03/08/2025 21:23,1754256179889,1,03/08/2025 22:22,234742,9,questionnaire-ja44,,48501497,BLINDED,13914804,,complete,,,computer,Desktop or Laptop,Windows 10,Opera 120.0.0.0,1536x864,1519x743,,,,Consent form,5,selfreport_probe,No,consent8,1,Eligible,Voucher
9,1754256180072,03/08/2025 21:23,1754256179889,1,03/08/2025 22:22,234742,9,questionnaire-ja44,,48501497,BLINDED,13914804,,complete,,,computer,Desktop or Laptop,Windows 10,Opera 120.0.0.0,1536x864,1519x743,,,,Consent form,5,selfreport_probe,No,consent9,1,Eligible,Voucher
10,1754256180072,03/08/2025 21:23,1754256179889,1,03/08/2025 22:22,234742,9,questionnaire-ja44,,48501497,BLINDED,13914804,,complete,,,computer,Desktop or Laptop,Windows 10,Opera 120.0.0.0,1536x864,1519x743,,,,Consent form,5,selfreport_probe,No,consent10,1,Eligible,Voucher
11,1754256180072,03/08/2025 21:23,1754256179889,1,03/08/2025 22:22,234742,9,questionnaire-ja44,,48501497,BLINDED,13914804,,complete,,,computer,Desktop or Laptop,Windows 10,Opera 120.0.0.0,1536x864,1519x743,,,,Consent form,5,selfreport_probe,No,END QUESTIONNAIRE,8609,Eligible,Voucher
1,1754309039637,04/08/2025 12:03,1754309100034,1,04/08/2025 13:05,234742,9,questionnaire-ja44,,48515052,BLINDED,13919253,,complete,,,computer,Desktop or Laptop,Windows 10,Edge 138.0.0.0,1280x720,1272x594,,,,Consent form,5,probe_selfreport,No,BEGIN QUESTIONNAIRE,,Eligible,Voucher
2,1754309050916,04/08/2025 12:04,1754309111240,1,04/08/2025 13:05,234742,9,questionnaire-ja44,,48515052,BLINDED,13919253,,complete,,,computer,Desktop or Laptop,Windows 10,Edge 138.0.0.0,1280x720,1257x594,,,,Consent form,5,probe_selfreport,No,consent1,1,Eligible,Voucher
3,1754309050995,04/08/2025 12:04,1754309111241,1,04/08/2025 13:05,234742,9,questionnaire-ja44,,48515052,BLINDED,13919253,,complete,,,computer,Desktop or Laptop,Windows 10,Edge 138.0.0.0,1280x720,1257x594,,,,Consent form,5,probe_selfreport,No,consent2,1,Eligible,Voucher
4,1754309050995,04/08/2025 12:04,1754309111241,1,04/08/2025 13:05,234742,9,questionnaire-ja44,,48515052,BLINDED,13919253,,complete,,,computer,Desktop or Laptop,Windows 10,Edge 138.0.0.0,1280x720,1257x594,,,,Consent form,5,probe_selfreport,No,consent3,1,Eligible,Voucher
5,1754309050995,04/08/2025 12:04,1754309111241,1,04/08/2025 13:05,234742,9,questionnaire-ja44,,48515052,BLINDED,13919253,,complete,,,computer,Desktop or Laptop,Windows 10,Edge 138.0.0.0,1280x720,1257x594,,,,Consent form,5,probe_selfreport,No,consent5,1,Eligible,Voucher
6,1754309050995,04/08/2025 12:04,1754309111241,1,04/08/2025 13:05,234742,9,questionnaire-ja44,,48515052,BLINDED,13919253,,complete,,,computer,Desktop or Laptop,Windows 10,Edge 138.0.0.0,1280x720,1257x594,,,,Consent form,5,probe_selfreport,No,consent6,1,Eligible,Voucher
7,1754309050995,04/08/2025 12:04,1754309111241,1,04/08/2025 13:05,234742,9,questionnaire-ja44,,48515052,BLINDED,13919253,,complete,,,computer,Desktop or Laptop,Windows 10,Edge 138.0.0.0,1280x720,1257x594,,,,Consent form,5,probe_selfreport,No,consent7,1,Eligible,Voucher
8,1754309050995,04/08/2025 12:04,1754309111241,1,04/08/2025 13:05,234742,9,questionnaire-ja44,,48515052,BLINDED,13919253,,complete,,,computer,Desktop or Laptop,Windows 10,Edge 138.0.0.0,1280x720,1257x594,,,,Consent form,5,probe_selfreport,No,consent8,1,Eligible,Voucher
9,1754309050995,04/08/2025 12:04,1754309111242,1,04/08/2025 13:05,234742,9,questionnaire-ja44,,48515052,BLINDED,13919253,,complete,,,computer,Desktop or Laptop,Windows 10,Edge 138.0.0.0,1280x720,1257x594,,,,Consent form,5,probe_selfreport,No,consent9,1,Eligible,Voucher
10,1754309050995,04/08/2025 12:04,1754309111242,1,04/08/2025 13:05,234742,9,questionnaire-ja44,,48515052,BLINDED,13919253,,complete,,,computer,Desktop or Laptop,Windows 10,Edge 138.0.0.0,1280x720,1257x594,,,,Consent form,5,probe_selfreport,No,consent10,1,Eligible,Voucher
11,1754309050995,04/08/2025 12:04,1754309111242,1,04/08/2025 13:05,234742,9,questionnaire-ja44,,48515052,BLINDED,13919253,,complete,,,computer,Desktop or Laptop,Windows 10,Edge 138.0.0.0,1280x720,1257x594,,,,Consent form,5,probe_selfreport,No,END QUESTIONNAIRE,11208,Eligible,Voucher
1,1754312738260,04/08/2025 13:05,1754312738158,1,04/08/2025 14:05,234742,9,questionnaire-ja44,,48516810,BLINDED,13919855,,complete,,,computer,Desktop or Laptop,Windows 10,Chrome 138.0.0.0,1504x1003,750x867,,,,Consent form,5,probe_selfreport,No,BEGIN QUESTIONNAIRE,,Eligible,Voucher
2,1754312751856,04/08/2025 13:05,1754312751806,1,04/08/2025 14:05,234742,9,questionnaire-ja44,,48516810,BLINDED,13919855,,complete,,,computer,Desktop or Laptop,Windows 10,Chrome 138.0.0.0,1504x1003,735x867,,,,Consent form,5,probe_selfreport,No,consent1,1,Eligible,Voucher
3,1754312751957,04/08/2025 13:05,1754312751810,1,04/08/2025 14:05,234742,9,questionnaire-ja44,,48516810,BLINDED,13919855,,complete,,,computer,Desktop or Laptop,Windows 10,Chrome 138.0.0.0,1504x1003,735x867,,,,Consent form,5,probe_selfreport,No,consent2,1,Eligible,Voucher
4,1754312751957,04/08/2025 13:05,1754312751810,1,04/08/2025 14:05,234742,9,questionnaire-ja44,,48516810,BLINDED,13919855,,complete,,,computer,Desktop or Laptop,Windows 10,Chrome 138.0.0.0,1504x1003,735x867,,,,Consent form,5,probe_selfreport,No,consent3,1,Eligible,Voucher
5,1754312751957,04/08/2025 13:05,1754312751810,1,04/08/2025 14:05,234742,9,questionnaire-ja44,,48516810,BLINDED,13919855,,complete,,,computer,Desktop or Laptop,Windows 10,Chrome 138.0.0.0,1504x1003,735x867,,,,Consent form,5,probe_selfreport,No,consent5,1,Eligible,Voucher
6,1754312751957,04/08/2025 13:05,1754312751810,1,04/08/2025 14:05,234742,9,questionnaire-ja44,,48516810,BLINDED,13919855,,complete,,,computer,Desktop or Laptop,Windows 10,Chrome 138.0.0.0,1504x1003,735x867,,,,Consent form,5,probe_selfreport,No,consent6,1,Eligible,Voucher
7,1754312751957,04/08/2025 13:05,1754312751811,1,04/08/2025 14:05,234742,9,questionnaire-ja44,,48516810,BLINDED,13919855,,complete,,,computer,Desktop or Laptop,Windows 10,Chrome 138.0.0.0,1504x1003,735x867,,,,Consent form,5,probe_selfreport,No,consent7,1,Eligible,Voucher
8,1754312751957,04/08/2025 13:05,1754312751811,1,04/08/2025 14:05,234742,9,questionnaire-ja44,,48516810,BLINDED,13919855,,complete,,,computer,Desktop or Laptop,Windows 10,Chrome 138.0.0.0,1504x1003,735x867,,,,Consent form,5,probe_selfreport,No,consent8,1,Eligible,Voucher
9,1754312751957,04/08/2025 13:05,1754312751811,1,04/08/2025 14:05,234742,9,questionnaire-ja44,,48516810,BLINDED,13919855,,complete,,,computer,Desktop or Laptop,Windows 10,Chrome 138.0.0.0,1504x1003,735x867,,,,Consent form,5,probe_selfreport,No,consent9,1,Eligible,Voucher
10,1754312751957,04/08/2025 13:05,1754312751811,1,04/08/2025 14:05,234742,9,questionnaire-ja44,,48516810,BLINDED,13919855,,complete,,,computer,Desktop or Laptop,Windows 10,Chrome 138.0.0.0,1504x1003,735x867,,,,Consent form,5,probe_selfreport,No,consent10,1,Eligible,Voucher
11,1754312751957,04/08/2025 13:05,1754312751812,1,04/08/2025 14:05,234742,9,questionnaire-ja44,,48516810,BLINDED,13919855,,complete,,,computer,Desktop or Laptop,Windows 10,Chrome 138.0.0.0,1504x1003,735x867,,,,Consent form,5,probe_selfreport,No,END QUESTIONNAIRE,13654,Eligible,Voucher
1,1754314467018,04/08/2025 13:34,1754314466922,1,04/08/2025 14:34,234742,9,questionnaire-ja44,,48517508,BLINDED,13920088,,complete,,,computer,Desktop or Laptop,Mac OS 10.15.7,Chrome 138.0.0.0,1440x900,1306x669,,,,Consent form,5,selfreport_probe,No,BEGIN QUESTIONNAIRE,,Eligible,Voucher
2,1754314478229,04/08/2025 13:34,1754314478084,1,04/08/2025 14:34,234742,9,questionnaire-ja44,,48517508,BLINDED,13920088,,complete,,,computer,Desktop or Laptop,Mac OS 10.15.7,Chrome 138.0.0.0,1440x900,1306x669,,,,Consent form,5,selfreport_probe,No,consent1,1,Eligible,Voucher
3,1754314478297,04/08/2025 13:34,1754314478086,1,04/08/2025 14:34,234742,9,questionnaire-ja44,,48517508,BLINDED,13920088,,complete,,,computer,Desktop or Laptop,Mac OS 10.15.7,Chrome 138.0.0.0,1440x900,1306x669,,,,Consent form,5,selfreport_probe,No,consent2,1,Eligible,Voucher
4,1754314478297,04/08/2025 13:34,1754314478086,1,04/08/2025 14:34,234742,9,questionnaire-ja44,,48517508,BLINDED,13920088,,complete,,,computer,Desktop or Laptop,Mac OS 10.15.7,Chrome 138.0.0.0,1440x900,1306x669,,,,Consent form,5,selfreport_probe,No,consent3,1,Eligible,Voucher
5,1754314478297,04/08/2025 13:34,1754314478086,1,04/08/2025 14:34,234742,9,questionnaire-ja44,,48517508,BLINDED,13920088,,complete,,,computer,Desktop or Laptop,Mac OS 10.15.7,Chrome 138.0.0.0,1440x900,1306x669,,,,Consent form,5,selfreport_probe,No,consent5,1,Eligible,Voucher
6,1754314478297,04/08/2025 13:34,1754314478086,1,04/08/2025 14:34,234742,9,questionnaire-ja44,,48517508,BLINDED,13920088,,complete,,,computer,Desktop or Laptop,Mac OS 10.15.7,Chrome 138.0.0.0,1440x900,1306x669,,,,Consent form,5,selfreport_probe,No,consent6,1,Eligible,Voucher
7,1754314478297,04/08/2025 13:34,1754314478086,1,04/08/2025 14:34,234742,9,questionnaire-ja44,,48517508,BLINDED,13920088,,complete,,,computer,Desktop or Laptop,Mac OS 10.15.7,Chrome 138.0.0.0,1440x900,1306x669,,,,Consent form,5,selfreport_probe,No,consent7,1,Eligible,Voucher
8,1754314478297,04/08/2025 13:34,1754314478086,1,04/08/2025 14:34,234742,9,questionnaire-ja44,,48517508,BLINDED,13920088,,complete,,,computer,Desktop or Laptop,Mac OS 10.15.7,Chrome 138.0.0.0,1440x900,1306x669,,,,Consent form,5,selfreport_probe,No,consent8,1,Eligible,Voucher
9,1754314478297,04/08/2025 13:34,1754314478087,1,04/08/2025 14:34,234742,9,questionnaire-ja44,,48517508,BLINDED,13920088,,complete,,,computer,Desktop or Laptop,Mac OS 10.15.7,Chrome 138.0.0.0,1440x900,1306x669,,,,Consent form,5,selfreport_probe,No,consent9,1,Eligible,Voucher
10,1754314478297,04/08/2025 13:34,1754314478087,1,04/08/2025 14:34,234742,9,questionnaire-ja44,,48517508,BLINDED,13920088,,complete,,,computer,Desktop or Laptop,Mac OS 10.15.7,Chrome 138.0.0.0,1440x900,1306x669,,,,Consent form,5,selfreport_probe,No,consent10,1,Eligible,Voucher
11,1754314478297,04/08/2025 13:34,1754314478087,1,04/08/2025 14:34,234742,9,questionnaire-ja44,,48517508,BLINDED,13920088,,complete,,,computer,Desktop or Laptop,Mac OS 10.15.7,Chrome 138.0.0.0,1440x900,1306x669,,,,Consent form,5,selfreport_probe,No,END QUESTIONNAIRE,11165,Eligible,Voucher
1,1754315592568,04/08/2025 13:53,1754315609631,1,04/08/2025 14:53,234742,9,questionnaire-ja44,,48517926,BLINDED,13920225,,complete,,,computer,Desktop or Laptop,Windows 10,Firefox 141.0,1920x1080,1920x919,,,,Consent form,5,selfreport_probe,No,BEGIN QUESTIONNAIRE,,Eligible,Voucher
2,1754315614522,04/08/2025 13:53,1754315631613,1,04/08/2025 14:53,234742,9,questionnaire-ja44,,48517926,BLINDED,13920225,,complete,,,computer,Desktop or Laptop,Windows 10,Firefox 141.0,1920x1080,1920x919,,,,Consent form,5,selfreport_probe,No,consent1,1,Eligible,Voucher
3,1754315614604,04/08/2025 13:53,1754315631614,1,04/08/2025 14:53,234742,9,questionnaire-ja44,,48517926,BLINDED,13920225,,complete,,,computer,Desktop or Laptop,Windows 10,Firefox 141.0,1920x1080,1920x919,,,,Consent form,5,selfreport_probe,No,consent2,1,Eligible,Voucher
4,1754315614604,04/08/2025 13:53,1754315631615,1,04/08/2025 14:53,234742,9,questionnaire-ja44,,48517926,BLINDED,13920225,,complete,,,computer,Desktop or Laptop,Windows 10,Firefox 141.0,1920x1080,1920x919,,,,Consent form,5,selfreport_probe,No,consent3,1,Eligible,Voucher
5,1754315614604,04/08/2025 13:53,1754315631615,1,04/08/2025 14:53,234742,9,questionnaire-ja44,,48517926,BLINDED,13920225,,complete,,,computer,Desktop or Laptop,Windows 10,Firefox 141.0,1920x1080,1920x919,,,,Consent form,5,selfreport_probe,No,consent5,1,Eligible,Voucher
6,1754315614604,04/08/2025 13:53,1754315631615,1,04/08/2025 14:53,234742,9,questionnaire-ja44,,48517926,BLINDED,13920225,,complete,,,computer,Desktop or Laptop,Windows 10,Firefox 141.0,1920x1080,1920x919,,,,Consent form,5,selfreport_probe,No,consent6,1,Eligible,Voucher
7,1754315614604,04/08/2025 13:53,1754315631615,1,04/08/2025 14:53,234742,9,questionnaire-ja44,,48517926,BLINDED,13920225,,complete,,,computer,Desktop or Laptop,Windows 10,Firefox 141.0,1920x1080,1920x919,,,,Consent form,5,selfreport_probe,No,consent7,1,Eligible,Voucher
8,1754315614604,04/08/2025 13:53,1754315631615,1,04/08/2025 14:53,234742,9,questionnaire-ja44,,48517926,BLINDED,13920225,,complete,,,computer,Desktop or Laptop,Windows 10,Firefox 141.0,1920x1080,1920x919,,,,Consent form,5,selfreport_probe,No,consent8,1,Eligible,Voucher
9,1754315614604,04/08/2025 13:53,1754315631615,1,04/08/2025 14:53,234742,9,questionnaire-ja44,,48517926,BLINDED,13920225,,complete,,,computer,Desktop or Laptop,Windows 10,Firefox 141.0,1920x1080,1920x919,,,,Consent form,5,selfreport_probe,No,consent9,1,Eligible,Voucher
10,1754315614604,04/08/2025 13:53,1754315631615,1,04/08/2025 14:53,234742,9,questionnaire-ja44,,48517926,BLINDED,13920225,,complete,,,computer,Desktop or Laptop,Windows 10,Firefox 141.0,1920x1080,1920x919,,,,Consent form,5,selfreport_probe,No,consent10,1,Eligible,Voucher
11,1754315614604,04/08/2025 13:53,1754315631615,1,04/08/2025 14:53,234742,9,questionnaire-ja44,,48517926,BLINDED,13920225,,complete,,,computer,Desktop or Laptop,Windows 10,Firefox 141.0,1920x1080,1920x919,,,,Consent form,5,selfreport_probe,No,END QUESTIONNAIRE,21984,Eligible,Voucher
1,1754328765510,04/08/2025 17:32,1754328766524,1,04/08/2025 18:32,234742,9,questionnaire-ja44,,48522510,BLINDED,13921803,,complete,,,computer,Desktop or Laptop,Windows 10,Edge 138.0.0.0,1280x800,1225x676,,,,Consent form,5,probe_selfreport,No,BEGIN QUESTIONNAIRE,,Eligible,Voucher
2,1754328773487,04/08/2025 17:32,1754328774550,1,04/08/2025 18:32,234742,9,questionnaire-ja44,,48522510,BLINDED,13921803,,complete,,,computer,Desktop or Laptop,Windows 10,Edge 138.0.0.0,1280x800,1210x676,,,,Consent form,5,probe_selfreport,No,consent1,1,Eligible,Voucher
3,1754328773553,04/08/2025 17:32,1754328774551,1,04/08/2025 18:32,234742,9,questionnaire-ja44,,48522510,BLINDED,13921803,,complete,,,computer,Desktop or Laptop,Windows 10,Edge 138.0.0.0,1280x800,1210x676,,,,Consent form,5,probe_selfreport,No,consent2,1,Eligible,Voucher
4,1754328773553,04/08/2025 17:32,1754328774551,1,04/08/2025 18:32,234742,9,questionnaire-ja44,,48522510,BLINDED,13921803,,complete,,,computer,Desktop or Laptop,Windows 10,Edge 138.0.0.0,1280x800,1210x676,,,,Consent form,5,probe_selfreport,No,consent3,1,Eligible,Voucher
5,1754328773553,04/08/2025 17:32,1754328774551,1,04/08/2025 18:32,234742,9,questionnaire-ja44,,48522510,BLINDED,13921803,,complete,,,computer,Desktop or Laptop,Windows 10,Edge 138.0.0.0,1280x800,1210x676,,,,Consent form,5,probe_selfreport,No,consent5,1,Eligible,Voucher
6,1754328773553,04/08/2025 17:32,1754328774551,1,04/08/2025 18:32,234742,9,questionnaire-ja44,,48522510,BLINDED,13921803,,complete,,,computer,Desktop or Laptop,Windows 10,Edge 138.0.0.0,1280x800,1210x676,,,,Consent form,5,probe_selfreport,No,consent6,1,Eligible,Voucher
7,1754328773553,04/08/2025 17:32,1754328774551,1,04/08/2025 18:32,234742,9,questionnaire-ja44,,48522510,BLINDED,13921803,,complete,,,computer,Desktop or Laptop,Windows 10,Edge 138.0.0.0,1280x800,1210x676,,,,Consent form,5,probe_selfreport,No,consent7,1,Eligible,Voucher
8,1754328773553,04/08/2025 17:32,1754328774551,1,04/08/2025 18:32,234742,9,questionnaire-ja44,,48522510,BLINDED,13921803,,complete,,,computer,Desktop or Laptop,Windows 10,Edge 138.0.0.0,1280x800,1210x676,,,,Consent form,5,probe_selfreport,No,consent8,1,Eligible,Voucher
9,1754328773553,04/08/2025 17:32,1754328774551,1,04/08/2025 18:32,234742,9,questionnaire-ja44,,48522510,BLINDED,13921803,,complete,,,computer,Desktop or Laptop,Windows 10,Edge 138.0.0.0,1280x800,1210x676,,,,Consent form,5,probe_selfreport,No,consent9,1,Eligible,Voucher
10,1754328773553,04/08/2025 17:32,1754328774551,1,04/08/2025 18:32,234742,9,questionnaire-ja44,,48522510,BLINDED,13921803,,complete,,,computer,Desktop or Laptop,Windows 10,Edge 138.0.0.0,1280x800,1210x676,,,,Consent form,5,probe_selfreport,No,consent10,1,Eligible,Voucher
11,1754328773553,04/08/2025 17:32,1754328774551,1,04/08/2025 18:32,234742,9,questionnaire-ja44,,48522510,BLINDED,13921803,,complete,,,computer,Desktop or Laptop,Windows 10,Edge 138.0.0.0,1280x800,1210x676,,,,Consent form,5,probe_selfreport,No,END QUESTIONNAIRE,8027,Eligible,Voucher
1,1754389533944,05/08/2025 10:25,1754389529511,1,05/08/2025 11:25,234742,9,questionnaire-ja44,,48530674,BLINDED,13924121,,complete,,,computer,Desktop or Laptop,Windows 10,Edge 138.0.0.0,1536x864,1528x746,,,,Consent form,5,selfreport_probe,No,BEGIN QUESTIONNAIRE,,Eligible,Voucher
2,1754389540791,05/08/2025 10:25,1754389536399,1,05/08/2025 11:25,234742,9,questionnaire-ja44,,48530674,BLINDED,13924121,,complete,,,computer,Desktop or Laptop,Windows 10,Edge 138.0.0.0,1536x864,1513x746,,,,Consent form,5,selfreport_probe,No,consent1,1,Eligible,Voucher
3,1754389540865,05/08/2025 10:25,1754389536400,1,05/08/2025 11:25,234742,9,questionnaire-ja44,,48530674,BLINDED,13924121,,complete,,,computer,Desktop or Laptop,Windows 10,Edge 138.0.0.0,1536x864,1513x746,,,,Consent form,5,selfreport_probe,No,consent2,1,Eligible,Voucher
4,1754389540865,05/08/2025 10:25,1754389536400,1,05/08/2025 11:25,234742,9,questionnaire-ja44,,48530674,BLINDED,13924121,,complete,,,computer,Desktop or Laptop,Windows 10,Edge 138.0.0.0,1536x864,1513x746,,,,Consent form,5,selfreport_probe,No,consent3,1,Eligible,Voucher
5,1754389540865,05/08/2025 10:25,1754389536400,1,05/08/2025 11:25,234742,9,questionnaire-ja44,,48530674,BLINDED,13924121,,complete,,,computer,Desktop or Laptop,Windows 10,Edge 138.0.0.0,1536x864,1513x746,,,,Consent form,5,selfreport_probe,No,consent5,1,Eligible,Voucher
6,1754389540865,05/08/2025 10:25,1754389536400,1,05/08/2025 11:25,234742,9,questionnaire-ja44,,48530674,BLINDED,13924121,,complete,,,computer,Desktop or Laptop,Windows 10,Edge 138.0.0.0,1536x864,1513x746,,,,Consent form,5,selfreport_probe,No,consent6,1,Eligible,Voucher
7,1754389540865,05/08/2025 10:25,1754389536400,1,05/08/2025 11:25,234742,9,questionnaire-ja44,,48530674,BLINDED,13924121,,complete,,,computer,Desktop or Laptop,Windows 10,Edge 138.0.0.0,1536x864,1513x746,,,,Consent form,5,selfreport_probe,No,consent7,1,Eligible,Voucher
8,1754389540865,05/08/2025 10:25,1754389536400,1,05/08/2025 11:25,234742,9,questionnaire-ja44,,48530674,BLINDED,13924121,,complete,,,computer,Desktop or Laptop,Windows 10,Edge 138.0.0.0,1536x864,1513x746,,,,Consent form,5,selfreport_probe,No,consent8,1,Eligible,Voucher
9,1754389540865,05/08/2025 10:25,1754389536400,1,05/08/2025 11:25,234742,9,questionnaire-ja44,,48530674,BLINDED,13924121,,complete,,,computer,Desktop or Laptop,Windows 10,Edge 138.0.0.0,1536x864,1513x746,,,,Consent form,5,selfreport_probe,No,consent9,1,Eligible,Voucher
10,1754389540865,05/08/2025 10:25,1754389536400,1,05/08/2025 11:25,234742,9,questionnaire-ja44,,48530674,BLINDED,13924121,,complete,,,computer,Desktop or Laptop,Windows 10,Edge 138.0.0.0,1536x864,1513x746,,,,Consent form,5,selfreport_probe,No,consent10,1,Eligible,Voucher
11,1754389540865,05/08/2025 10:25,1754389536400,1,05/08/2025 11:25,234742,9,questionnaire-ja44,,48530674,BLINDED,13924121,,complete,,,computer,Desktop or Laptop,Windows 10,Edge 138.0.0.0,1536x864,1513x746,,,,Consent form,5,selfreport_probe,No,END QUESTIONNAIRE,6889,Eligible,Voucher
1,1754400766943,05/08/2025 13:32,1754400766847,1,05/08/2025 14:32,234742,9,questionnaire-ja44,,48533795,BLINDED,13925040,,complete,,,computer,Desktop or Laptop,Mac OS 10.15.7,Safari 18.1.1,1440x900,1440x820,,,,Consent form,5,probe_selfreport,No,BEGIN QUESTIONNAIRE,,Eligible,Voucher
2,1754400832462,05/08/2025 13:33,1754400832291,1,05/08/2025 14:33,234742,9,questionnaire-ja44,,48533795,BLINDED,13925040,,complete,,,computer,Desktop or Laptop,Mac OS 10.15.7,Safari 18.1.1,1440x900,1440x820,,,,Consent form,5,probe_selfreport,No,consent1,1,Eligible,Voucher
3,1754400832522,05/08/2025 13:33,1754400832293,1,05/08/2025 14:33,234742,9,questionnaire-ja44,,48533795,BLINDED,13925040,,complete,,,computer,Desktop or Laptop,Mac OS 10.15.7,Safari 18.1.1,1440x900,1440x820,,,,Consent form,5,probe_selfreport,No,consent2,1,Eligible,Voucher
4,1754400832522,05/08/2025 13:33,1754400832293,1,05/08/2025 14:33,234742,9,questionnaire-ja44,,48533795,BLINDED,13925040,,complete,,,computer,Desktop or Laptop,Mac OS 10.15.7,Safari 18.1.1,1440x900,1440x820,,,,Consent form,5,probe_selfreport,No,consent3,1,Eligible,Voucher
5,1754400832522,05/08/2025 13:33,1754400832293,1,05/08/2025 14:33,234742,9,questionnaire-ja44,,48533795,BLINDED,13925040,,complete,,,computer,Desktop or Laptop,Mac OS 10.15.7,Safari 18.1.1,1440x900,1440x820,,,,Consent form,5,probe_selfreport,No,consent5,1,Eligible,Voucher
6,1754400832522,05/08/2025 13:33,1754400832293,1,05/08/2025 14:33,234742,9,questionnaire-ja44,,48533795,BLINDED,13925040,,complete,,,computer,Desktop or Laptop,Mac OS 10.15.7,Safari 18.1.1,1440x900,1440x820,,,,Consent form,5,probe_selfreport,No,consent6,1,Eligible,Voucher
7,1754400832522,05/08/2025 13:33,1754400832294,1,05/08/2025 14:33,234742,9,questionnaire-ja44,,48533795,BLINDED,13925040,,complete,,,computer,Desktop or Laptop,Mac OS 10.15.7,Safari 18.1.1,1440x900,1440x820,,,,Consent form,5,probe_selfreport,No,consent7,1,Eligible,Voucher
8,1754400832522,05/08/2025 13:33,1754400832294,1,05/08/2025 14:33,234742,9,questionnaire-ja44,,48533795,BLINDED,13925040,,complete,,,computer,Desktop or Laptop,Mac OS 10.15.7,Safari 18.1.1,1440x900,1440x820,,,,Consent form,5,probe_selfreport,No,consent8,1,Eligible,Voucher
9,1754400832522,05/08/2025 13:33,1754400832294,1,05/08/2025 14:33,234742,9,questionnaire-ja44,,48533795,BLINDED,13925040,,complete,,,computer,Desktop or Laptop,Mac OS 10.15.7,Safari 18.1.1,1440x900,1440x820,,,,Consent form,5,probe_selfreport,No,consent9,1,Eligible,Voucher
10,1754400832522,05/08/2025 13:33,1754400832294,1,05/08/2025 14:33,234742,9,questionnaire-ja44,,48533795,BLINDED,13925040,,complete,,,computer,Desktop or Laptop,Mac OS 10.15.7,Safari 18.1.1,1440x900,1440x820,,,,Consent form,5,probe_selfreport,No,consent10,1,Eligible,Voucher
11,1754400832522,05/08/2025 13:33,1754400832294,1,05/08/2025 14:33,234742,9,questionnaire-ja44,,48533795,BLINDED,13925040,,complete,,,computer,Desktop or Laptop,Mac OS 10.15.7,Safari 18.1.1,1440x900,1440x820,,,,Consent form,5,probe_selfreport,No,END QUESTIONNAIRE,65447,Eligible,Voucher
1,1754408593844,05/08/2025 15:43,1754408593774,1,05/08/2025 16:43,234742,9,questionnaire-ja44,,48536336,BLINDED,13925905,,complete,,,computer,Desktop or Laptop,Windows 10,Chrome 138.0.0.0,1920x1200,1920x1039,,,,Consent form,5,probe_selfreport,No,BEGIN QUESTIONNAIRE,,Eligible,Voucher
2,1754408604455,05/08/2025 15:43,1754408604413,1,05/08/2025 16:43,234742,9,questionnaire-ja44,,48536336,BLINDED,13925905,,complete,,,computer,Desktop or Laptop,Windows 10,Chrome 138.0.0.0,1920x1200,1905x1039,,,,Consent form,5,probe_selfreport,No,consent1,1,Eligible,Voucher
3,1754408604520,05/08/2025 15:43,1754408604415,1,05/08/2025 16:43,234742,9,questionnaire-ja44,,48536336,BLINDED,13925905,,complete,,,computer,Desktop or Laptop,Windows 10,Chrome 138.0.0.0,1920x1200,1905x1039,,,,Consent form,5,probe_selfreport,No,consent2,1,Eligible,Voucher
4,1754408604520,05/08/2025 15:43,1754408604416,1,05/08/2025 16:43,234742,9,questionnaire-ja44,,48536336,BLINDED,13925905,,complete,,,computer,Desktop or Laptop,Windows 10,Chrome 138.0.0.0,1920x1200,1905x1039,,,,Consent form,5,probe_selfreport,No,consent3,1,Eligible,Voucher
5,1754408604520,05/08/2025 15:43,1754408604416,1,05/08/2025 16:43,234742,9,questionnaire-ja44,,48536336,BLINDED,13925905,,complete,,,computer,Desktop or Laptop,Windows 10,Chrome 138.0.0.0,1920x1200,1905x1039,,,,Consent form,5,probe_selfreport,No,consent5,1,Eligible,Voucher
6,1754408604520,05/08/2025 15:43,1754408604416,1,05/08/2025 16:43,234742,9,questionnaire-ja44,,48536336,BLINDED,13925905,,complete,,,computer,Desktop or Laptop,Windows 10,Chrome 138.0.0.0,1920x1200,1905x1039,,,,Consent form,5,probe_selfreport,No,consent6,1,Eligible,Voucher
7,1754408604520,05/08/2025 15:43,1754408604417,1,05/08/2025 16:43,234742,9,questionnaire-ja44,,48536336,BLINDED,13925905,,complete,,,computer,Desktop or Laptop,Windows 10,Chrome 138.0.0.0,1920x1200,1905x1039,,,,Consent form,5,probe_selfreport,No,consent7,1,Eligible,Voucher
8,1754408604520,05/08/2025 15:43,1754408604417,1,05/08/2025 16:43,234742,9,questionnaire-ja44,,48536336,BLINDED,13925905,,complete,,,computer,Desktop or Laptop,Windows 10,Chrome 138.0.0.0,1920x1200,1905x1039,,,,Consent form,5,probe_selfreport,No,consent8,1,Eligible,Voucher
9,1754408604520,05/08/2025 15:43,1754408604418,1,05/08/2025 16:43,234742,9,questionnaire-ja44,,48536336,BLINDED,13925905,,complete,,,computer,Desktop or Laptop,Windows 10,Chrome 138.0.0.0,1920x1200,1905x1039,,,,Consent form,5,probe_selfreport,No,consent9,1,Eligible,Voucher
10,1754408604520,05/08/2025 15:43,1754408604418,1,05/08/2025 16:43,234742,9,questionnaire-ja44,,48536336,BLINDED,13925905,,complete,,,computer,Desktop or Laptop,Windows 10,Chrome 138.0.0.0,1920x1200,1905x1039,,,,Consent form,5,probe_selfreport,No,consent10,1,Eligible,Voucher
11,1754408604520,05/08/2025 15:43,1754408604419,1,05/08/2025 16:43,234742,9,questionnaire-ja44,,48536336,BLINDED,13925905,,complete,,,computer,Desktop or Laptop,Windows 10,Chrome 138.0.0.0,1920x1200,1905x1039,,,,Consent form,5,probe_selfreport,No,END QUESTIONNAIRE,10645,Eligible,Voucher
1,1754421501496,05/08/2025 19:18,1754421500882,1,05/08/2025 20:18,234742,9,questionnaire-ja44,,48540192,BLINDED,13926988,,complete,,,computer,Desktop or Laptop,Chromium OS 14541.0.0,Chrome 136.0.0.0,1536x864,1536x730,,,,Consent form,5,selfreport_probe,No,BEGIN QUESTIONNAIRE,,Eligible,No Voucher
2,1754421514043,05/08/2025 19:18,1754421513377,1,05/08/2025 20:18,234742,9,questionnaire-ja44,,48540192,BLINDED,13926988,,complete,,,computer,Desktop or Laptop,Chromium OS 14541.0.0,Chrome 136.0.0.0,1536x864,1536x730,,,,Consent form,5,selfreport_probe,No,consent1,1,Eligible,No Voucher
3,1754421514157,05/08/2025 19:18,1754421513381,1,05/08/2025 20:18,234742,9,questionnaire-ja44,,48540192,BLINDED,13926988,,complete,,,computer,Desktop or Laptop,Chromium OS 14541.0.0,Chrome 136.0.0.0,1536x864,1536x730,,,,Consent form,5,selfreport_probe,No,consent2,1,Eligible,No Voucher
4,1754421514157,05/08/2025 19:18,1754421513381,1,05/08/2025 20:18,234742,9,questionnaire-ja44,,48540192,BLINDED,13926988,,complete,,,computer,Desktop or Laptop,Chromium OS 14541.0.0,Chrome 136.0.0.0,1536x864,1536x730,,,,Consent form,5,selfreport_probe,No,consent3,1,Eligible,No Voucher
5,1754421514157,05/08/2025 19:18,1754421513382,1,05/08/2025 20:18,234742,9,questionnaire-ja44,,48540192,BLINDED,13926988,,complete,,,computer,Desktop or Laptop,Chromium OS 14541.0.0,Chrome 136.0.0.0,1536x864,1536x730,,,,Consent form,5,selfreport_probe,No,consent5,1,Eligible,No Voucher
6,1754421514157,05/08/2025 19:18,1754421513386,1,05/08/2025 20:18,234742,9,questionnaire-ja44,,48540192,BLINDED,13926988,,complete,,,computer,Desktop or Laptop,Chromium OS 14541.0.0,Chrome 136.0.0.0,1536x864,1536x730,,,,Consent form,5,selfreport_probe,No,consent6,1,Eligible,No Voucher
7,1754421514157,05/08/2025 19:18,1754421513386,1,05/08/2025 20:18,234742,9,questionnaire-ja44,,48540192,BLINDED,13926988,,complete,,,computer,Desktop or Laptop,Chromium OS 14541.0.0,Chrome 136.0.0.0,1536x864,1536x730,,,,Consent form,5,selfreport_probe,No,consent7,1,Eligible,No Voucher
8,1754421514157,05/08/2025 19:18,1754421513387,1,05/08/2025 20:18,234742,9,questionnaire-ja44,,48540192,BLINDED,13926988,,complete,,,computer,Desktop or Laptop,Chromium OS 14541.0.0,Chrome 136.0.0.0,1536x864,1536x730,,,,Consent form,5,selfreport_probe,No,consent8,1,Eligible,No Voucher
9,1754421514157,05/08/2025 19:18,1754421513388,1,05/08/2025 20:18,234742,9,questionnaire-ja44,,48540192,BLINDED,13926988,,complete,,,computer,Desktop or Laptop,Chromium OS 14541.0.0,Chrome 136.0.0.0,1536x864,1536x730,,,,Consent form,5,selfreport_probe,No,consent9,1,Eligible,No Voucher
10,1754421514157,05/08/2025 19:18,1754421513389,1,05/08/2025 20:18,234742,9,questionnaire-ja44,,48540192,BLINDED,13926988,,complete,,,computer,Desktop or Laptop,Chromium OS 14541.0.0,Chrome 136.0.0.0,1536x864,1536x730,,,,Consent form,5,selfreport_probe,No,consent10,1,Eligible,No Voucher
11,1754421514157,05/08/2025 19:18,1754421513389,1,05/08/2025 20:18,234742,9,questionnaire-ja44,,48540192,BLINDED,13926988,,complete,,,computer,Desktop or Laptop,Chromium OS 14541.0.0,Chrome 136.0.0.0,1536x864,1536x730,,,,Consent form,5,selfreport_probe,No,END QUESTIONNAIRE,12507,Eligible,No Voucher
1,1754484126932,06/08/2025 12:42,1754484124896,1,06/08/2025 13:42,234742,9,questionnaire-ja44,,48548399,BLINDED,13929615,,complete,,,computer,Desktop or Laptop,Windows 10,Chrome 138.0.0.0,1920x1080,1920x945,,,,Consent form,5,selfreport_probe,No,BEGIN QUESTIONNAIRE,,Eligible,Voucher
2,1754484133798,06/08/2025 12:42,1754484131815,1,06/08/2025 13:42,234742,9,questionnaire-ja44,,48548399,BLINDED,13929615,,complete,,,computer,Desktop or Laptop,Windows 10,Chrome 138.0.0.0,1920x1080,1905x945,,,,Consent form,5,selfreport_probe,No,consent1,1,Eligible,Voucher
3,1754484133880,06/08/2025 12:42,1754484131817,1,06/08/2025 13:42,234742,9,questionnaire-ja44,,48548399,BLINDED,13929615,,complete,,,computer,Desktop or Laptop,Windows 10,Chrome 138.0.0.0,1920x1080,1905x945,,,,Consent form,5,selfreport_probe,No,consent2,1,Eligible,Voucher
4,1754484133880,06/08/2025 12:42,1754484131817,1,06/08/2025 13:42,234742,9,questionnaire-ja44,,48548399,BLINDED,13929615,,complete,,,computer,Desktop or Laptop,Windows 10,Chrome 138.0.0.0,1920x1080,1905x945,,,,Consent form,5,selfreport_probe,No,consent3,1,Eligible,Voucher
5,1754484133880,06/08/2025 12:42,1754484131817,1,06/08/2025 13:42,234742,9,questionnaire-ja44,,48548399,BLINDED,13929615,,complete,,,computer,Desktop or Laptop,Windows 10,Chrome 138.0.0.0,1920x1080,1905x945,,,,Consent form,5,selfreport_probe,No,consent5,1,Eligible,Voucher
6,1754484133880,06/08/2025 12:42,1754484131818,1,06/08/2025 13:42,234742,9,questionnaire-ja44,,48548399,BLINDED,13929615,,complete,,,computer,Desktop or Laptop,Windows 10,Chrome 138.0.0.0,1920x1080,1905x945,,,,Consent form,5,selfreport_probe,No,consent6,1,Eligible,Voucher
7,1754484133880,06/08/2025 12:42,1754484131818,1,06/08/2025 13:42,234742,9,questionnaire-ja44,,48548399,BLINDED,13929615,,complete,,,computer,Desktop or Laptop,Windows 10,Chrome 138.0.0.0,1920x1080,1905x945,,,,Consent form,5,selfreport_probe,No,consent7,1,Eligible,Voucher
8,1754484133880,06/08/2025 12:42,1754484131818,1,06/08/2025 13:42,234742,9,questionnaire-ja44,,48548399,BLINDED,13929615,,complete,,,computer,Desktop or Laptop,Windows 10,Chrome 138.0.0.0,1920x1080,1905x945,,,,Consent form,5,selfreport_probe,No,consent8,1,Eligible,Voucher
9,1754484133880,06/08/2025 12:42,1754484131819,1,06/08/2025 13:42,234742,9,questionnaire-ja44,,48548399,BLINDED,13929615,,complete,,,computer,Desktop or Laptop,Windows 10,Chrome 138.0.0.0,1920x1080,1905x945,,,,Consent form,5,selfreport_probe,No,consent9,1,Eligible,Voucher
10,1754484133880,06/08/2025 12:42,1754484131819,1,06/08/2025 13:42,234742,9,questionnaire-ja44,,48548399,BLINDED,13929615,,complete,,,computer,Desktop or Laptop,Windows 10,Chrome 138.0.0.0,1920x1080,1905x945,,,,Consent form,5,selfreport_probe,No,consent10,1,Eligible,Voucher
11,1754484133880,06/08/2025 12:42,1754484131819,1,06/08/2025 13:42,234742,9,questionnaire-ja44,,48548399,BLINDED,13929615,,complete,,,computer,Desktop or Laptop,Windows 10,Chrome 138.0.0.0,1920x1080,1905x945,,,,Consent form,5,selfreport_probe,No,END QUESTIONNAIRE,6923,Eligible,Voucher
1,1754551908283,07/08/2025 07:31,1754551909095,1,07/08/2025 08:31,234742,9,questionnaire-ja44,,48569020,BLINDED,13933305,,complete,,,computer,Desktop or Laptop,Windows 10,Edge 138.0.0.0,1536x864,1528x708,,,,Consent form,5,probe_selfreport,No,BEGIN QUESTIONNAIRE,,Eligible,Voucher
2,1754551939202,07/08/2025 07:32,1754551940062,1,07/08/2025 08:32,234742,9,questionnaire-ja44,,48569020,BLINDED,13933305,,complete,,,computer,Desktop or Laptop,Windows 10,Edge 138.0.0.0,1536x864,1513x708,,,,Consent form,5,probe_selfreport,No,consent1,1,Eligible,Voucher
3,1754551939286,07/08/2025 07:32,1754551940064,1,07/08/2025 08:32,234742,9,questionnaire-ja44,,48569020,BLINDED,13933305,,complete,,,computer,Desktop or Laptop,Windows 10,Edge 138.0.0.0,1536x864,1513x708,,,,Consent form,5,probe_selfreport,No,consent2,1,Eligible,Voucher
4,1754551939286,07/08/2025 07:32,1754551940064,1,07/08/2025 08:32,234742,9,questionnaire-ja44,,48569020,BLINDED,13933305,,complete,,,computer,Desktop or Laptop,Windows 10,Edge 138.0.0.0,1536x864,1513x708,,,,Consent form,5,probe_selfreport,No,consent3,1,Eligible,Voucher
5,1754551939286,07/08/2025 07:32,1754551940065,1,07/08/2025 08:32,234742,9,questionnaire-ja44,,48569020,BLINDED,13933305,,complete,,,computer,Desktop or Laptop,Windows 10,Edge 138.0.0.0,1536x864,1513x708,,,,Consent form,5,probe_selfreport,No,consent5,1,Eligible,Voucher
6,1754551939286,07/08/2025 07:32,1754551940065,1,07/08/2025 08:32,234742,9,questionnaire-ja44,,48569020,BLINDED,13933305,,complete,,,computer,Desktop or Laptop,Windows 10,Edge 138.0.0.0,1536x864,1513x708,,,,Consent form,5,probe_selfreport,No,consent6,1,Eligible,Voucher
7,1754551939286,07/08/2025 07:32,1754551940065,1,07/08/2025 08:32,234742,9,questionnaire-ja44,,48569020,BLINDED,13933305,,complete,,,computer,Desktop or Laptop,Windows 10,Edge 138.0.0.0,1536x864,1513x708,,,,Consent form,5,probe_selfreport,No,consent7,1,Eligible,Voucher
8,1754551939286,07/08/2025 07:32,1754551940065,1,07/08/2025 08:32,234742,9,questionnaire-ja44,,48569020,BLINDED,13933305,,complete,,,computer,Desktop or Laptop,Windows 10,Edge 138.0.0.0,1536x864,1513x708,,,,Consent form,5,probe_selfreport,No,consent8,1,Eligible,Voucher
9,1754551939286,07/08/2025 07:32,1754551940066,1,07/08/2025 08:32,234742,9,questionnaire-ja44,,48569020,BLINDED,13933305,,complete,,,computer,Desktop or Laptop,Windows 10,Edge 138.0.0.0,1536x864,1513x708,,,,Consent form,5,probe_selfreport,No,consent9,1,Eligible,Voucher
10,1754551939286,07/08/2025 07:32,1754551940066,1,07/08/2025 08:32,234742,9,questionnaire-ja44,,48569020,BLINDED,13933305,,complete,,,computer,Desktop or Laptop,Windows 10,Edge 138.0.0.0,1536x864,1513x708,,,,Consent form,5,probe_selfreport,No,consent10,1,Eligible,Voucher
11,1754551939286,07/08/2025 07:32,1754551940066,1,07/08/2025 08:32,234742,9,questionnaire-ja44,,48569020,BLINDED,13933305,,complete,,,computer,Desktop or Laptop,Windows 10,Edge 138.0.0.0,1536x864,1513x708,,,,Consent form,5,probe_selfreport,No,END QUESTIONNAIRE,30971,Eligible,Voucher
1,1754570231000,07/08/2025 12:37,1754570231690,1,07/08/2025 13:37,234742,9,questionnaire-ja44,,48579168,BLINDED,13935420,,complete,,,computer,Desktop or Laptop,Windows 10,Edge 138.0.0.0,1536x864,1528x708,,,,Consent form,5,selfreport_probe,No,BEGIN QUESTIONNAIRE,,Eligible,No Voucher
2,1754570262295,07/08/2025 12:37,1754570263053,1,07/08/2025 13:37,234742,9,questionnaire-ja44,,48579168,BLINDED,13935420,,complete,,,computer,Desktop or Laptop,Windows 10,Edge 138.0.0.0,1536x864,1513x708,,,,Consent form,5,selfreport_probe,No,consent1,1,Eligible,No Voucher
3,1754570262357,07/08/2025 12:37,1754570263055,1,07/08/2025 13:37,234742,9,questionnaire-ja44,,48579168,BLINDED,13935420,,complete,,,computer,Desktop or Laptop,Windows 10,Edge 138.0.0.0,1536x864,1513x708,,,,Consent form,5,selfreport_probe,No,consent2,1,Eligible,No Voucher
4,1754570262357,07/08/2025 12:37,1754570263055,1,07/08/2025 13:37,234742,9,questionnaire-ja44,,48579168,BLINDED,13935420,,complete,,,computer,Desktop or Laptop,Windows 10,Edge 138.0.0.0,1536x864,1513x708,,,,Consent form,5,selfreport_probe,No,consent3,1,Eligible,No Voucher
5,1754570262357,07/08/2025 12:37,1754570263055,1,07/08/2025 13:37,234742,9,questionnaire-ja44,,48579168,BLINDED,13935420,,complete,,,computer,Desktop or Laptop,Windows 10,Edge 138.0.0.0,1536x864,1513x708,,,,Consent form,5,selfreport_probe,No,consent5,1,Eligible,No Voucher
6,1754570262357,07/08/2025 12:37,1754570263056,1,07/08/2025 13:37,234742,9,questionnaire-ja44,,48579168,BLINDED,13935420,,complete,,,computer,Desktop or Laptop,Windows 10,Edge 138.0.0.0,1536x864,1513x708,,,,Consent form,5,selfreport_probe,No,consent6,1,Eligible,No Voucher
7,1754570262357,07/08/2025 12:37,1754570263056,1,07/08/2025 13:37,234742,9,questionnaire-ja44,,48579168,BLINDED,13935420,,complete,,,computer,Desktop or Laptop,Windows 10,Edge 138.0.0.0,1536x864,1513x708,,,,Consent form,5,selfreport_probe,No,consent7,1,Eligible,No Voucher
8,1754570262357,07/08/2025 12:37,1754570263056,1,07/08/2025 13:37,234742,9,questionnaire-ja44,,48579168,BLINDED,13935420,,complete,,,computer,Desktop or Laptop,Windows 10,Edge 138.0.0.0,1536x864,1513x708,,,,Consent form,5,selfreport_probe,No,consent8,1,Eligible,No Voucher
9,1754570262357,07/08/2025 12:37,1754570263056,1,07/08/2025 13:37,234742,9,questionnaire-ja44,,48579168,BLINDED,13935420,,complete,,,computer,Desktop or Laptop,Windows 10,Edge 138.0.0.0,1536x864,1513x708,,,,Consent form,5,selfreport_probe,No,consent9,1,Eligible,No Voucher
10,1754570262357,07/08/2025 12:37,1754570263056,1,07/08/2025 13:37,234742,9,questionnaire-ja44,,48579168,BLINDED,13935420,,complete,,,computer,Desktop or Laptop,Windows 10,Edge 138.0.0.0,1536x864,1513x708,,,,Consent form,5,selfreport_probe,No,consent10,1,Eligible,No Voucher
11,1754570262357,07/08/2025 12:37,1754570263056,1,07/08/2025 13:37,234742,9,questionnaire-ja44,,48579168,BLINDED,13935420,,complete,,,computer,Desktop or Laptop,Windows 10,Edge 138.0.0.0,1536x864,1513x708,,,,Consent form,5,selfreport_probe,No,END QUESTIONNAIRE,31366,Eligible,No Voucher
1,1754741989572,09/08/2025 12:19,1754741989199,1,09/08/2025 13:19,234742,9,questionnaire-ja44,,48616854,BLINDED,13942867,,complete,,,computer,Desktop or Laptop,Mac OS 10.15.7,Safari 16.6.1,1440x900,1313x692,,,,Consent form,5,selfreport_probe,No,BEGIN QUESTIONNAIRE,,Eligible,Voucher
2,1754742000654,09/08/2025 12:20,1754742000331,1,09/08/2025 13:20,234742,9,questionnaire-ja44,,48616854,BLINDED,13942867,,complete,,,computer,Desktop or Laptop,Mac OS 10.15.7,Safari 16.6.1,1440x900,1313x692,,,,Consent form,5,selfreport_probe,No,consent1,1,Eligible,Voucher
3,1754742000731,09/08/2025 12:20,1754742000333,1,09/08/2025 13:20,234742,9,questionnaire-ja44,,48616854,BLINDED,13942867,,complete,,,computer,Desktop or Laptop,Mac OS 10.15.7,Safari 16.6.1,1440x900,1313x692,,,,Consent form,5,selfreport_probe,No,consent2,1,Eligible,Voucher
4,1754742000731,09/08/2025 12:20,1754742000333,1,09/08/2025 13:20,234742,9,questionnaire-ja44,,48616854,BLINDED,13942867,,complete,,,computer,Desktop or Laptop,Mac OS 10.15.7,Safari 16.6.1,1440x900,1313x692,,,,Consent form,5,selfreport_probe,No,consent3,1,Eligible,Voucher
5,1754742000731,09/08/2025 12:20,1754742000333,1,09/08/2025 13:20,234742,9,questionnaire-ja44,,48616854,BLINDED,13942867,,complete,,,computer,Desktop or Laptop,Mac OS 10.15.7,Safari 16.6.1,1440x900,1313x692,,,,Consent form,5,selfreport_probe,No,consent5,1,Eligible,Voucher
6,1754742000731,09/08/2025 12:20,1754742000333,1,09/08/2025 13:20,234742,9,questionnaire-ja44,,48616854,BLINDED,13942867,,complete,,,computer,Desktop or Laptop,Mac OS 10.15.7,Safari 16.6.1,1440x900,1313x692,,,,Consent form,5,selfreport_probe,No,consent6,1,Eligible,Voucher
7,1754742000731,09/08/2025 12:20,1754742000333,1,09/08/2025 13:20,234742,9,questionnaire-ja44,,48616854,BLINDED,13942867,,complete,,,computer,Desktop or Laptop,Mac OS 10.15.7,Safari 16.6.1,1440x900,1313x692,,,,Consent form,5,selfreport_probe,No,consent7,1,Eligible,Voucher
8,1754742000731,09/08/2025 12:20,1754742000333,1,09/08/2025 13:20,234742,9,questionnaire-ja44,,48616854,BLINDED,13942867,,complete,,,computer,Desktop or Laptop,Mac OS 10.15.7,Safari 16.6.1,1440x900,1313x692,,,,Consent form,5,selfreport_probe,No,consent8,1,Eligible,Voucher
9,1754742000731,09/08/2025 12:20,1754742000333,1,09/08/2025 13:20,234742,9,questionnaire-ja44,,48616854,BLINDED,13942867,,complete,,,computer,Desktop or Laptop,Mac OS 10.15.7,Safari 16.6.1,1440x900,1313x692,,,,Consent form,5,selfreport_probe,No,consent9,1,Eligible,Voucher
10,1754742000731,09/08/2025 12:20,1754742000333,1,09/08/2025 13:20,234742,9,questionnaire-ja44,,48616854,BLINDED,13942867,,complete,,,computer,Desktop or Laptop,Mac OS 10.15.7,Safari 16.6.1,1440x900,1313x692,,,,Consent form,5,selfreport_probe,No,consent10,1,Eligible,Voucher
11,1754742000731,09/08/2025 12:20,1754742000333,1,09/08/2025 13:20,234742,9,questionnaire-ja44,,48616854,BLINDED,13942867,,complete,,,computer,Desktop or Laptop,Mac OS 10.15.7,Safari 16.6.1,1440x900,1313x692,,,,Consent form,5,selfreport_probe,No,END QUESTIONNAIRE,11134,Eligible,Voucher
1,1754838564560,10/08/2025 15:09,1754838482696,1,10/08/2025 16:08,234742,9,questionnaire-ja44,,48627724,BLINDED,13944689,,complete,,,computer,Desktop or Laptop,Windows 10,Chrome 138.0.0.0,1920x1080,1920x953,,,,Consent form,5,probe_selfreport,No,BEGIN QUESTIONNAIRE,,Eligible,Voucher
2,1754838591918,10/08/2025 15:09,1754838510086,1,10/08/2025 16:08,234742,9,questionnaire-ja44,,48627724,BLINDED,13944689,,complete,,,computer,Desktop or Laptop,Windows 10,Chrome 138.0.0.0,1920x1080,1905x953,,,,Consent form,5,probe_selfreport,No,consent1,1,Eligible,Voucher
3,1754838591996,10/08/2025 15:09,1754838510087,1,10/08/2025 16:08,234742,9,questionnaire-ja44,,48627724,BLINDED,13944689,,complete,,,computer,Desktop or Laptop,Windows 10,Chrome 138.0.0.0,1920x1080,1905x953,,,,Consent form,5,probe_selfreport,No,consent2,1,Eligible,Voucher
4,1754838591996,10/08/2025 15:09,1754838510088,1,10/08/2025 16:08,234742,9,questionnaire-ja44,,48627724,BLINDED,13944689,,complete,,,computer,Desktop or Laptop,Windows 10,Chrome 138.0.0.0,1920x1080,1905x953,,,,Consent form,5,probe_selfreport,No,consent3,1,Eligible,Voucher
5,1754838591996,10/08/2025 15:09,1754838510088,1,10/08/2025 16:08,234742,9,questionnaire-ja44,,48627724,BLINDED,13944689,,complete,,,computer,Desktop or Laptop,Windows 10,Chrome 138.0.0.0,1920x1080,1905x953,,,,Consent form,5,probe_selfreport,No,consent5,1,Eligible,Voucher
6,1754838591996,10/08/2025 15:09,1754838510088,1,10/08/2025 16:08,234742,9,questionnaire-ja44,,48627724,BLINDED,13944689,,complete,,,computer,Desktop or Laptop,Windows 10,Chrome 138.0.0.0,1920x1080,1905x953,,,,Consent form,5,probe_selfreport,No,consent6,1,Eligible,Voucher
7,1754838591996,10/08/2025 15:09,1754838510089,1,10/08/2025 16:08,234742,9,questionnaire-ja44,,48627724,BLINDED,13944689,,complete,,,computer,Desktop or Laptop,Windows 10,Chrome 138.0.0.0,1920x1080,1905x953,,,,Consent form,5,probe_selfreport,No,consent7,1,Eligible,Voucher
8,1754838591996,10/08/2025 15:09,1754838510089,1,10/08/2025 16:08,234742,9,questionnaire-ja44,,48627724,BLINDED,13944689,,complete,,,computer,Desktop or Laptop,Windows 10,Chrome 138.0.0.0,1920x1080,1905x953,,,,Consent form,5,probe_selfreport,No,consent8,1,Eligible,Voucher
9,1754838591996,10/08/2025 15:09,1754838510089,1,10/08/2025 16:08,234742,9,questionnaire-ja44,,48627724,BLINDED,13944689,,complete,,,computer,Desktop or Laptop,Windows 10,Chrome 138.0.0.0,1920x1080,1905x953,,,,Consent form,5,probe_selfreport,No,consent9,1,Eligible,Voucher
10,1754838591996,10/08/2025 15:09,1754838510090,1,10/08/2025 16:08,234742,9,questionnaire-ja44,,48627724,BLINDED,13944689,,complete,,,computer,Desktop or Laptop,Windows 10,Chrome 138.0.0.0,1920x1080,1905x953,,,,Consent form,5,probe_selfreport,No,consent10,1,Eligible,Voucher
11,1754838591996,10/08/2025 15:09,1754838510090,1,10/08/2025 16:08,234742,9,questionnaire-ja44,,48627724,BLINDED,13944689,,complete,,,computer,Desktop or Laptop,Windows 10,Chrome 138.0.0.0,1920x1080,1905x953,,,,Consent form,5,probe_selfreport,No,END QUESTIONNAIRE,27394,Eligible,Voucher
1,1755055616812,13/08/2025 03:26,1755055616592,1,13/08/2025 04:26,234742,9,questionnaire-ja44,,48669114,BLINDED,13953935,,complete,,,computer,Desktop or Laptop,Mac OS 10.15.7,Chrome 138.0.0.0,1512x982,1494x693,,,,Consent form,5,selfreport_probe,No,BEGIN QUESTIONNAIRE,,Eligible,Voucher
2,1755055668144,13/08/2025 03:27,1755055668007,1,13/08/2025 04:27,234742,9,questionnaire-ja44,,48669114,BLINDED,13953935,,complete,,,computer,Desktop or Laptop,Mac OS 10.15.7,Chrome 138.0.0.0,1512x982,1494x693,,,,Consent form,5,selfreport_probe,No,consent1,1,Eligible,Voucher
3,1755055668229,13/08/2025 03:27,1755055668008,1,13/08/2025 04:27,234742,9,questionnaire-ja44,,48669114,BLINDED,13953935,,complete,,,computer,Desktop or Laptop,Mac OS 10.15.7,Chrome 138.0.0.0,1512x982,1494x693,,,,Consent form,5,selfreport_probe,No,consent2,1,Eligible,Voucher
4,1755055668229,13/08/2025 03:27,1755055668008,1,13/08/2025 04:27,234742,9,questionnaire-ja44,,48669114,BLINDED,13953935,,complete,,,computer,Desktop or Laptop,Mac OS 10.15.7,Chrome 138.0.0.0,1512x982,1494x693,,,,Consent form,5,selfreport_probe,No,consent3,1,Eligible,Voucher
5,1755055668229,13/08/2025 03:27,1755055668008,1,13/08/2025 04:27,234742,9,questionnaire-ja44,,48669114,BLINDED,13953935,,complete,,,computer,Desktop or Laptop,Mac OS 10.15.7,Chrome 138.0.0.0,1512x982,1494x693,,,,Consent form,5,selfreport_probe,No,consent5,1,Eligible,Voucher
6,1755055668229,13/08/2025 03:27,1755055668008,1,13/08/2025 04:27,234742,9,questionnaire-ja44,,48669114,BLINDED,13953935,,complete,,,computer,Desktop or Laptop,Mac OS 10.15.7,Chrome 138.0.0.0,1512x982,1494x693,,,,Consent form,5,selfreport_probe,No,consent6,1,Eligible,Voucher
7,1755055668229,13/08/2025 03:27,1755055668008,1,13/08/2025 04:27,234742,9,questionnaire-ja44,,48669114,BLINDED,13953935,,complete,,,computer,Desktop or Laptop,Mac OS 10.15.7,Chrome 138.0.0.0,1512x982,1494x693,,,,Consent form,5,selfreport_probe,No,consent7,1,Eligible,Voucher
8,1755055668229,13/08/2025 03:27,1755055668008,1,13/08/2025 04:27,234742,9,questionnaire-ja44,,48669114,BLINDED,13953935,,complete,,,computer,Desktop or Laptop,Mac OS 10.15.7,Chrome 138.0.0.0,1512x982,1494x693,,,,Consent form,5,selfreport_probe,No,consent8,1,Eligible,Voucher
9,1755055668229,13/08/2025 03:27,1755055668008,1,13/08/2025 04:27,234742,9,questionnaire-ja44,,48669114,BLINDED,13953935,,complete,,,computer,Desktop or Laptop,Mac OS 10.15.7,Chrome 138.0.0.0,1512x982,1494x693,,,,Consent form,5,selfreport_probe,No,consent9,1,Eligible,Voucher
10,1755055668229,13/08/2025 03:27,1755055668008,1,13/08/2025 04:27,234742,9,questionnaire-ja44,,48669114,BLINDED,13953935,,complete,,,computer,Desktop or Laptop,Mac OS 10.15.7,Chrome 138.0.0.0,1512x982,1494x693,,,,Consent form,5,selfreport_probe,No,consent10,1,Eligible,Voucher
11,1755055668229,13/08/2025 03:27,1755055668008,1,13/08/2025 04:27,234742,9,questionnaire-ja44,,48669114,BLINDED,13953935,,complete,,,computer,Desktop or Laptop,Mac OS 10.15.7,Chrome 138.0.0.0,1512x982,1494x693,,,,Consent form,5,selfreport_probe,No,END QUESTIONNAIRE,51416,Eligible,Voucher
END OF FILE,,,,,,,,,,,,,,,,,,,,,,,,,,,,,,,,,
