Event Index,UTC Timestamp,UTC Date and Time,Local Timestamp,Local Timezone,Local Date and Time,Experiment ID,Experiment Version,Tree Node Key,Repeat Key,Schedule ID,Participant Public ID,Participant Private ID,Participant Starting Group,Participant Status,Participant Completion Code,Participant External Session ID,Participant Device Type,Participant Device,Participant OS,Participant Browser,Participant Monitor Size,Participant Viewport Size,Checkpoint,Room ID,Room Order,Task Name,Task Version,randomiser-tloe,branch-b7np,randomiser-oo54,randomiser-5zfx,randomiser-rrwr,randomiser-39gv,branch-m511,quota-so7f,quota-bi7i,branch-k46k,Randomise questionnaire elements?,Question Key,Response
1,1703307970759,23/12/2023 05:06:10,1703307970628,0,23/12/2023 05:06:10,155541,10,questionnaire-4eaj,,33849048,BLIND,10012318,,complete,,,computer,Desktop or Laptop,Mac OS 10.15.7,Chrome 119.0.0.0,1440x900,1440x783,,,,Demographics Questionnaire,4,,control,,,,set 2,Controls,ACCEPT,,Controls,No,BEGIN QUESTIONNAIRE,
2,1703308000826,23/12/2023 05:06:40,1703308000749,0,23/12/2023 05:06:40,155541,10,questionnaire-4eaj,,33849048,BLIND,10012318,,complete,,,computer,Desktop or Laptop,Mac OS 10.15.7,Chrome 119.0.0.0,1440x900,1440x783,,,,Demographics Questionnaire,4,,control,,,,set 2,Controls,ACCEPT,,Controls,No,Age,18
3,1703308000881,23/12/2023 05:06:40,1703308000751,0,23/12/2023 05:06:40,155541,10,questionnaire-4eaj,,33849048,BLIND,10012318,,complete,,,computer,Desktop or Laptop,Mac OS 10.15.7,Chrome 119.0.0.0,1440x900,1440x783,,,,Demographics Questionnaire,4,,control,,,,set 2,Controls,ACCEPT,,Controls,No,Gender,Woman
4,1703308000881,23/12/2023 05:06:40,1703308000751,0,23/12/2023 05:06:40,155541,10,questionnaire-4eaj,,33849048,BLIND,10012318,,complete,,,computer,Desktop or Laptop,Mac OS 10.15.7,Chrome 119.0.0.0,1440x900,1440x783,,,,Demographics Questionnaire,4,,control,,,,set 2,Controls,ACCEPT,,Controls,No,Gender-quantised,2
5,1703308000881,23/12/2023 05:06:40,1703308000751,0,23/12/2023 05:06:40,155541,10,questionnaire-4eaj,,33849048,BLIND,10012318,,complete,,,computer,Desktop or Laptop,Mac OS 10.15.7,Chrome 119.0.0.0,1440x900,1440x783,,,,Demographics Questionnaire,4,,control,,,,set 2,Controls,ACCEPT,,Controls,No,Gender-text,
6,1703308000881,23/12/2023 05:06:40,1703308000751,0,23/12/2023 05:06:40,155541,10,questionnaire-4eaj,,33849048,BLIND,10012318,,complete,,,computer,Desktop or Laptop,Mac OS 10.15.7,Chrome 119.0.0.0,1440x900,1440x783,,,,Demographics Questionnaire,4,,control,,,,set 2,Controls,ACCEPT,,Controls,No,footedness,Right
7,1703308000881,23/12/2023 05:06:40,1703308000751,0,23/12/2023 05:06:40,155541,10,questionnaire-4eaj,,33849048,BLIND,10012318,,complete,,,computer,Desktop or Laptop,Mac OS 10.15.7,Chrome 119.0.0.0,1440x900,1440x783,,,,Demographics Questionnaire,4,,control,,,,set 2,Controls,ACCEPT,,Controls,No,footedness-quantised,2
8,1703308000881,23/12/2023 05:06:40,1703308000751,0,23/12/2023 05:06:40,155541,10,questionnaire-4eaj,,33849048,BLIND,10012318,,complete,,,computer,Desktop or Laptop,Mac OS 10.15.7,Chrome 119.0.0.0,1440x900,1440x783,,,,Demographics Questionnaire,4,,control,,,,set 2,Controls,ACCEPT,,Controls,No,categorical_hand,Right
9,1703308000881,23/12/2023 05:06:40,1703308000751,0,23/12/2023 05:06:40,155541,10,questionnaire-4eaj,,33849048,BLIND,10012318,,complete,,,computer,Desktop or Laptop,Mac OS 10.15.7,Chrome 119.0.0.0,1440x900,1440x783,,,,Demographics Questionnaire,4,,control,,,,set 2,Controls,ACCEPT,,Controls,No,categorical_hand-quantised,2
10,1703308000881,23/12/2023 05:06:40,1703308000751,0,23/12/2023 05:06:40,155541,10,questionnaire-4eaj,,33849048,BLIND,10012318,,complete,,,computer,Desktop or Laptop,Mac OS 10.15.7,Chrome 119.0.0.0,1440x900,1440x783,,,,Demographics Questionnaire,4,,control,,,,set 2,Controls,ACCEPT,,Controls,No,age_education,Yes
11,1703308000881,23/12/2023 05:06:40,1703308000751,0,23/12/2023 05:06:40,155541,10,questionnaire-4eaj,,33849048,BLIND,10012318,,complete,,,computer,Desktop or Laptop,Mac OS 10.15.7,Chrome 119.0.0.0,1440x900,1440x783,,,,Demographics Questionnaire,4,,control,,,,set 2,Controls,ACCEPT,,Controls,No,age_education-quantised,1
12,1703308000881,23/12/2023 05:06:40,1703308000752,0,23/12/2023 05:06:40,155541,10,questionnaire-4eaj,,33849048,BLIND,10012318,,complete,,,computer,Desktop or Laptop,Mac OS 10.15.7,Chrome 119.0.0.0,1440x900,1440x783,,,,Demographics Questionnaire,4,,control,,,,set 2,Controls,ACCEPT,,Controls,No,age_education-text,
13,1703308000881,23/12/2023 05:06:40,1703308000752,0,23/12/2023 05:06:40,155541,10,questionnaire-4eaj,,33849048,BLIND,10012318,,complete,,,computer,Desktop or Laptop,Mac OS 10.15.7,Chrome 119.0.0.0,1440x900,1440x783,,,,Demographics Questionnaire,4,,control,,,,set 2,Controls,ACCEPT,,Controls,No,bilingual,No
14,1703308000881,23/12/2023 05:06:40,1703308000752,0,23/12/2023 05:06:40,155541,10,questionnaire-4eaj,,33849048,BLIND,10012318,,complete,,,computer,Desktop or Laptop,Mac OS 10.15.7,Chrome 119.0.0.0,1440x900,1440x783,,,,Demographics Questionnaire,4,,control,,,,set 2,Controls,ACCEPT,,Controls,No,bilingual-quantised,1
15,1703308000881,23/12/2023 05:06:40,1703308000752,0,23/12/2023 05:06:40,155541,10,questionnaire-4eaj,,33849048,BLIND,10012318,,complete,,,computer,Desktop or Laptop,Mac OS 10.15.7,Chrome 119.0.0.0,1440x900,1440x783,,,,Demographics Questionnaire,4,,control,,,,set 2,Controls,ACCEPT,,Controls,No,bilingual-text,
16,1703308000881,23/12/2023 05:06:40,1703308000752,0,23/12/2023 05:06:40,155541,10,questionnaire-4eaj,,33849048,BLIND,10012318,,complete,,,computer,Desktop or Laptop,Mac OS 10.15.7,Chrome 119.0.0.0,1440x900,1440x783,,,,Demographics Questionnaire,4,,control,,,,set 2,Controls,ACCEPT,,Controls,No,END QUESTIONNAIRE,30124
1,1703416869531,24/12/2023 11:21:09,1703416869431,0,24/12/2023 11:21:09,155541,10,questionnaire-4eaj,,33855966,BLIND,10014563,,complete,,,computer,Desktop or Laptop,Mac OS 10.15.7,Chrome 119.0.0.0,1440x900,1440x900,,,,Demographics Questionnaire,4,,control,,,,set 1,Controls,ACCEPT,,Controls,No,BEGIN QUESTIONNAIRE,
2,1703416904149,24/12/2023 11:21:44,1703416904102,0,24/12/2023 11:21:44,155541,10,questionnaire-4eaj,,33855966,BLIND,10014563,,complete,,,computer,Desktop or Laptop,Mac OS 10.15.7,Chrome 119.0.0.0,1440x900,1440x900,,,,Demographics Questionnaire,4,,control,,,,set 1,Controls,ACCEPT,,Controls,No,Age,20
3,1703416904222,24/12/2023 11:21:44,1703416904103,0,24/12/2023 11:21:44,155541,10,questionnaire-4eaj,,33855966,BLIND,10014563,,complete,,,computer,Desktop or Laptop,Mac OS 10.15.7,Chrome 119.0.0.0,1440x900,1440x900,,,,Demographics Questionnaire,4,,control,,,,set 1,Controls,ACCEPT,,Controls,No,Gender,Woman
4,1703416904222,24/12/2023 11:21:44,1703416904103,0,24/12/2023 11:21:44,155541,10,questionnaire-4eaj,,33855966,BLIND,10014563,,complete,,,computer,Desktop or Laptop,Mac OS 10.15.7,Chrome 119.0.0.0,1440x900,1440x900,,,,Demographics Questionnaire,4,,control,,,,set 1,Controls,ACCEPT,,Controls,No,Gender-quantised,2
5,1703416904222,24/12/2023 11:21:44,1703416904103,0,24/12/2023 11:21:44,155541,10,questionnaire-4eaj,,33855966,BLIND,10014563,,complete,,,computer,Desktop or Laptop,Mac OS 10.15.7,Chrome 119.0.0.0,1440x900,1440x900,,,,Demographics Questionnaire,4,,control,,,,set 1,Controls,ACCEPT,,Controls,No,Gender-text,
6,1703416904222,24/12/2023 11:21:44,1703416904103,0,24/12/2023 11:21:44,155541,10,questionnaire-4eaj,,33855966,BLIND,10014563,,complete,,,computer,Desktop or Laptop,Mac OS 10.15.7,Chrome 119.0.0.0,1440x900,1440x900,,,,Demographics Questionnaire,4,,control,,,,set 1,Controls,ACCEPT,,Controls,No,footedness,Right
7,1703416904222,24/12/2023 11:21:44,1703416904104,0,24/12/2023 11:21:44,155541,10,questionnaire-4eaj,,33855966,BLIND,10014563,,complete,,,computer,Desktop or Laptop,Mac OS 10.15.7,Chrome 119.0.0.0,1440x900,1440x900,,,,Demographics Questionnaire,4,,control,,,,set 1,Controls,ACCEPT,,Controls,No,footedness-quantised,2
8,1703416904222,24/12/2023 11:21:44,1703416904104,0,24/12/2023 11:21:44,155541,10,questionnaire-4eaj,,33855966,BLIND,10014563,,complete,,,computer,Desktop or Laptop,Mac OS 10.15.7,Chrome 119.0.0.0,1440x900,1440x900,,,,Demographics Questionnaire,4,,control,,,,set 1,Controls,ACCEPT,,Controls,No,categorical_hand,Right
9,1703416904222,24/12/2023 11:21:44,1703416904104,0,24/12/2023 11:21:44,155541,10,questionnaire-4eaj,,33855966,BLIND,10014563,,complete,,,computer,Desktop or Laptop,Mac OS 10.15.7,Chrome 119.0.0.0,1440x900,1440x900,,,,Demographics Questionnaire,4,,control,,,,set 1,Controls,ACCEPT,,Controls,No,categorical_hand-quantised,2
10,1703416904222,24/12/2023 11:21:44,1703416904104,0,24/12/2023 11:21:44,155541,10,questionnaire-4eaj,,33855966,BLIND,10014563,,complete,,,computer,Desktop or Laptop,Mac OS 10.15.7,Chrome 119.0.0.0,1440x900,1440x900,,,,Demographics Questionnaire,4,,control,,,,set 1,Controls,ACCEPT,,Controls,No,age_education,Yes
11,1703416904222,24/12/2023 11:21:44,1703416904104,0,24/12/2023 11:21:44,155541,10,questionnaire-4eaj,,33855966,BLIND,10014563,,complete,,,computer,Desktop or Laptop,Mac OS 10.15.7,Chrome 119.0.0.0,1440x900,1440x900,,,,Demographics Questionnaire,4,,control,,,,set 1,Controls,ACCEPT,,Controls,No,age_education-quantised,1
12,1703416904222,24/12/2023 11:21:44,1703416904104,0,24/12/2023 11:21:44,155541,10,questionnaire-4eaj,,33855966,BLIND,10014563,,complete,,,computer,Desktop or Laptop,Mac OS 10.15.7,Chrome 119.0.0.0,1440x900,1440x900,,,,Demographics Questionnaire,4,,control,,,,set 1,Controls,ACCEPT,,Controls,No,age_education-text,
13,1703416904222,24/12/2023 11:21:44,1703416904104,0,24/12/2023 11:21:44,155541,10,questionnaire-4eaj,,33855966,BLIND,10014563,,complete,,,computer,Desktop or Laptop,Mac OS 10.15.7,Chrome 119.0.0.0,1440x900,1440x900,,,,Demographics Questionnaire,4,,control,,,,set 1,Controls,ACCEPT,,Controls,No,bilingual,Yes. My strongest language is:
14,1703416904222,24/12/2023 11:21:44,1703416904104,0,24/12/2023 11:21:44,155541,10,questionnaire-4eaj,,33855966,BLIND,10014563,,complete,,,computer,Desktop or Laptop,Mac OS 10.15.7,Chrome 119.0.0.0,1440x900,1440x900,,,,Demographics Questionnaire,4,,control,,,,set 1,Controls,ACCEPT,,Controls,No,bilingual-text,english
15,1703416904222,24/12/2023 11:21:44,1703416904105,0,24/12/2023 11:21:44,155541,10,questionnaire-4eaj,,33855966,BLIND,10014563,,complete,,,computer,Desktop or Laptop,Mac OS 10.15.7,Chrome 119.0.0.0,1440x900,1440x900,,,,Demographics Questionnaire,4,,control,,,,set 1,Controls,ACCEPT,,Controls,No,END QUESTIONNAIRE,34674
1,1703484419742,25/12/2023 06:06:59,1703484421373,0,25/12/2023 06:07:01,155541,10,questionnaire-4eaj,,33858620,BLIND,10015335,,complete,,,computer,Desktop or Laptop,Windows 10,Chrome 120.0.0.0,1280x720,1280x551,,,,Demographics Questionnaire,4,,control,,,,set 2,Controls,ACCEPT,,Controls,No,BEGIN QUESTIONNAIRE,
2,1703484452322,25/12/2023 06:07:32,1703484454013,0,25/12/2023 06:07:34,155541,10,questionnaire-4eaj,,33858620,BLIND,10015335,,complete,,,computer,Desktop or Laptop,Windows 10,Chrome 120.0.0.0,1280x720,1263x551,,,,Demographics Questionnaire,4,,control,,,,set 2,Controls,ACCEPT,,Controls,No,Age,18
3,1703484452390,25/12/2023 06:07:32,1703484454015,0,25/12/2023 06:07:34,155541,10,questionnaire-4eaj,,33858620,BLIND,10015335,,complete,,,computer,Desktop or Laptop,Windows 10,Chrome 120.0.0.0,1280x720,1263x551,,,,Demographics Questionnaire,4,,control,,,,set 2,Controls,ACCEPT,,Controls,No,Gender,Woman
4,1703484452390,25/12/2023 06:07:32,1703484454015,0,25/12/2023 06:07:34,155541,10,questionnaire-4eaj,,33858620,BLIND,10015335,,complete,,,computer,Desktop or Laptop,Windows 10,Chrome 120.0.0.0,1280x720,1263x551,,,,Demographics Questionnaire,4,,control,,,,set 2,Controls,ACCEPT,,Controls,No,Gender-quantised,2
5,1703484452390,25/12/2023 06:07:32,1703484454015,0,25/12/2023 06:07:34,155541,10,questionnaire-4eaj,,33858620,BLIND,10015335,,complete,,,computer,Desktop or Laptop,Windows 10,Chrome 120.0.0.0,1280x720,1263x551,,,,Demographics Questionnaire,4,,control,,,,set 2,Controls,ACCEPT,,Controls,No,Gender-text,
6,1703484452390,25/12/2023 06:07:32,1703484454015,0,25/12/2023 06:07:34,155541,10,questionnaire-4eaj,,33858620,BLIND,10015335,,complete,,,computer,Desktop or Laptop,Windows 10,Chrome 120.0.0.0,1280x720,1263x551,,,,Demographics Questionnaire,4,,control,,,,set 2,Controls,ACCEPT,,Controls,No,footedness,Right
7,1703484452390,25/12/2023 06:07:32,1703484454015,0,25/12/2023 06:07:34,155541,10,questionnaire-4eaj,,33858620,BLIND,10015335,,complete,,,computer,Desktop or Laptop,Windows 10,Chrome 120.0.0.0,1280x720,1263x551,,,,Demographics Questionnaire,4,,control,,,,set 2,Controls,ACCEPT,,Controls,No,footedness-quantised,2
8,1703484452390,25/12/2023 06:07:32,1703484454015,0,25/12/2023 06:07:34,155541,10,questionnaire-4eaj,,33858620,BLIND,10015335,,complete,,,computer,Desktop or Laptop,Windows 10,Chrome 120.0.0.0,1280x720,1263x551,,,,Demographics Questionnaire,4,,control,,,,set 2,Controls,ACCEPT,,Controls,No,categorical_hand,Right
9,1703484452390,25/12/2023 06:07:32,1703484454015,0,25/12/2023 06:07:34,155541,10,questionnaire-4eaj,,33858620,BLIND,10015335,,complete,,,computer,Desktop or Laptop,Windows 10,Chrome 120.0.0.0,1280x720,1263x551,,,,Demographics Questionnaire,4,,control,,,,set 2,Controls,ACCEPT,,Controls,No,categorical_hand-quantised,2
10,1703484452390,25/12/2023 06:07:32,1703484454016,0,25/12/2023 06:07:34,155541,10,questionnaire-4eaj,,33858620,BLIND,10015335,,complete,,,computer,Desktop or Laptop,Windows 10,Chrome 120.0.0.0,1280x720,1263x551,,,,Demographics Questionnaire,4,,control,,,,set 2,Controls,ACCEPT,,Controls,No,age_education,Yes
11,1703484452390,25/12/2023 06:07:32,1703484454016,0,25/12/2023 06:07:34,155541,10,questionnaire-4eaj,,33858620,BLIND,10015335,,complete,,,computer,Desktop or Laptop,Windows 10,Chrome 120.0.0.0,1280x720,1263x551,,,,Demographics Questionnaire,4,,control,,,,set 2,Controls,ACCEPT,,Controls,No,age_education-quantised,1
12,1703484452390,25/12/2023 06:07:32,1703484454016,0,25/12/2023 06:07:34,155541,10,questionnaire-4eaj,,33858620,BLIND,10015335,,complete,,,computer,Desktop or Laptop,Windows 10,Chrome 120.0.0.0,1280x720,1263x551,,,,Demographics Questionnaire,4,,control,,,,set 2,Controls,ACCEPT,,Controls,No,age_education-text,
13,1703484452390,25/12/2023 06:07:32,1703484454016,0,25/12/2023 06:07:34,155541,10,questionnaire-4eaj,,33858620,BLIND,10015335,,complete,,,computer,Desktop or Laptop,Windows 10,Chrome 120.0.0.0,1280x720,1263x551,,,,Demographics Questionnaire,4,,control,,,,set 2,Controls,ACCEPT,,Controls,No,bilingual,No
14,1703484452390,25/12/2023 06:07:32,1703484454016,0,25/12/2023 06:07:34,155541,10,questionnaire-4eaj,,33858620,BLIND,10015335,,complete,,,computer,Desktop or Laptop,Windows 10,Chrome 120.0.0.0,1280x720,1263x551,,,,Demographics Questionnaire,4,,control,,,,set 2,Controls,ACCEPT,,Controls,No,bilingual-quantised,1
15,1703484452390,25/12/2023 06:07:32,1703484454016,0,25/12/2023 06:07:34,155541,10,questionnaire-4eaj,,33858620,BLIND,10015335,,complete,,,computer,Desktop or Laptop,Windows 10,Chrome 120.0.0.0,1280x720,1263x551,,,,Demographics Questionnaire,4,,control,,,,set 2,Controls,ACCEPT,,Controls,No,bilingual-text,
16,1703484452390,25/12/2023 06:07:32,1703484454016,0,25/12/2023 06:07:34,155541,10,questionnaire-4eaj,,33858620,BLIND,10015335,,complete,,,computer,Desktop or Laptop,Windows 10,Chrome 120.0.0.0,1280x720,1263x551,,,,Demographics Questionnaire,4,,control,,,,set 2,Controls,ACCEPT,,Controls,No,END QUESTIONNAIRE,32643
1,1703526309217,25/12/2023 17:45:09,1703526309127,0,25/12/2023 17:45:09,155541,10,questionnaire-4eaj,,33860343,BLIND,10015908,,complete,,,computer,Desktop or Laptop,Mac OS 10.15.7,Safari 17.2.1,1470x956,1324x763,,,,Demographics Questionnaire,4,,control,,,,set 1,Controls,ACCEPT,,Controls,No,BEGIN QUESTIONNAIRE,
2,1703526336649,25/12/2023 17:45:36,1703526336600,0,25/12/2023 17:45:36,155541,10,questionnaire-4eaj,,33860343,BLIND,10015908,,complete,,,computer,Desktop or Laptop,Mac OS 10.15.7,Safari 17.2.1,1470x956,1324x763,,,,Demographics Questionnaire,4,,control,,,,set 1,Controls,ACCEPT,,Controls,No,Age,19
3,1703526336741,25/12/2023 17:45:36,1703526336603,0,25/12/2023 17:45:36,155541,10,questionnaire-4eaj,,33860343,BLIND,10015908,,complete,,,computer,Desktop or Laptop,Mac OS 10.15.7,Safari 17.2.1,1470x956,1324x763,,,,Demographics Questionnaire,4,,control,,,,set 1,Controls,ACCEPT,,Controls,No,Gender,Woman
4,1703526336741,25/12/2023 17:45:36,1703526336603,0,25/12/2023 17:45:36,155541,10,questionnaire-4eaj,,33860343,BLIND,10015908,,complete,,,computer,Desktop or Laptop,Mac OS 10.15.7,Safari 17.2.1,1470x956,1324x763,,,,Demographics Questionnaire,4,,control,,,,set 1,Controls,ACCEPT,,Controls,No,Gender-quantised,2
5,1703526336741,25/12/2023 17:45:36,1703526336603,0,25/12/2023 17:45:36,155541,10,questionnaire-4eaj,,33860343,BLIND,10015908,,complete,,,computer,Desktop or Laptop,Mac OS 10.15.7,Safari 17.2.1,1470x956,1324x763,,,,Demographics Questionnaire,4,,control,,,,set 1,Controls,ACCEPT,,Controls,No,Gender-text,
6,1703526336741,25/12/2023 17:45:36,1703526336603,0,25/12/2023 17:45:36,155541,10,questionnaire-4eaj,,33860343,BLIND,10015908,,complete,,,computer,Desktop or Laptop,Mac OS 10.15.7,Safari 17.2.1,1470x956,1324x763,,,,Demographics Questionnaire,4,,control,,,,set 1,Controls,ACCEPT,,Controls,No,footedness,Don't know / No preference
7,1703526336741,25/12/2023 17:45:36,1703526336603,0,25/12/2023 17:45:36,155541,10,questionnaire-4eaj,,33860343,BLIND,10015908,,complete,,,computer,Desktop or Laptop,Mac OS 10.15.7,Safari 17.2.1,1470x956,1324x763,,,,Demographics Questionnaire,4,,control,,,,set 1,Controls,ACCEPT,,Controls,No,footedness-quantised,3
8,1703526336741,25/12/2023 17:45:36,1703526336603,0,25/12/2023 17:45:36,155541,10,questionnaire-4eaj,,33860343,BLIND,10015908,,complete,,,computer,Desktop or Laptop,Mac OS 10.15.7,Safari 17.2.1,1470x956,1324x763,,,,Demographics Questionnaire,4,,control,,,,set 1,Controls,ACCEPT,,Controls,No,categorical_hand,Right
9,1703526336741,25/12/2023 17:45:36,1703526336603,0,25/12/2023 17:45:36,155541,10,questionnaire-4eaj,,33860343,BLIND,10015908,,complete,,,computer,Desktop or Laptop,Mac OS 10.15.7,Safari 17.2.1,1470x956,1324x763,,,,Demographics Questionnaire,4,,control,,,,set 1,Controls,ACCEPT,,Controls,No,categorical_hand-quantised,2
10,1703526336741,25/12/2023 17:45:36,1703526336603,0,25/12/2023 17:45:36,155541,10,questionnaire-4eaj,,33860343,BLIND,10015908,,complete,,,computer,Desktop or Laptop,Mac OS 10.15.7,Safari 17.2.1,1470x956,1324x763,,,,Demographics Questionnaire,4,,control,,,,set 1,Controls,ACCEPT,,Controls,No,age_education,Yes
11,1703526336741,25/12/2023 17:45:36,1703526336604,0,25/12/2023 17:45:36,155541,10,questionnaire-4eaj,,33860343,BLIND,10015908,,complete,,,computer,Desktop or Laptop,Mac OS 10.15.7,Safari 17.2.1,1470x956,1324x763,,,,Demographics Questionnaire,4,,control,,,,set 1,Controls,ACCEPT,,Controls,No,age_education-quantised,1
12,1703526336741,25/12/2023 17:45:36,1703526336604,0,25/12/2023 17:45:36,155541,10,questionnaire-4eaj,,33860343,BLIND,10015908,,complete,,,computer,Desktop or Laptop,Mac OS 10.15.7,Safari 17.2.1,1470x956,1324x763,,,,Demographics Questionnaire,4,,control,,,,set 1,Controls,ACCEPT,,Controls,No,age_education-text,
13,1703526336741,25/12/2023 17:45:36,1703526336604,0,25/12/2023 17:45:36,155541,10,questionnaire-4eaj,,33860343,BLIND,10015908,,complete,,,computer,Desktop or Laptop,Mac OS 10.15.7,Safari 17.2.1,1470x956,1324x763,,,,Demographics Questionnaire,4,,control,,,,set 1,Controls,ACCEPT,,Controls,No,bilingual,No
14,1703526336741,25/12/2023 17:45:36,1703526336604,0,25/12/2023 17:45:36,155541,10,questionnaire-4eaj,,33860343,BLIND,10015908,,complete,,,computer,Desktop or Laptop,Mac OS 10.15.7,Safari 17.2.1,1470x956,1324x763,,,,Demographics Questionnaire,4,,control,,,,set 1,Controls,ACCEPT,,Controls,No,bilingual-quantised,1
15,1703526336741,25/12/2023 17:45:36,1703526336604,0,25/12/2023 17:45:36,155541,10,questionnaire-4eaj,,33860343,BLIND,10015908,,complete,,,computer,Desktop or Laptop,Mac OS 10.15.7,Safari 17.2.1,1470x956,1324x763,,,,Demographics Questionnaire,4,,control,,,,set 1,Controls,ACCEPT,,Controls,No,bilingual-text,
16,1703526336741,25/12/2023 17:45:36,1703526336604,0,25/12/2023 17:45:36,155541,10,questionnaire-4eaj,,33860343,BLIND,10015908,,complete,,,computer,Desktop or Laptop,Mac OS 10.15.7,Safari 17.2.1,1470x956,1324x763,,,,Demographics Questionnaire,4,,control,,,,set 1,Controls,ACCEPT,,Controls,No,END QUESTIONNAIRE,27477
1,1703536387720,25/12/2023 20:33:07,1703536387629,0,25/12/2023 20:33:07,155541,10,questionnaire-4eaj,,33860706,BLIND,10015992,,complete,,,computer,Desktop or Laptop,Mac OS 10.15.7,Safari 16.4,1440x900,1440x820,,,,Demographics Questionnaire,4,,asd,,set 1,,,Neurodiverse,,ACCEPT,Neurodiverse,No,BEGIN QUESTIONNAIRE,
2,1703536404008,25/12/2023 20:33:24,1703536403946,0,25/12/2023 20:33:23,155541,10,questionnaire-4eaj,,33860706,BLIND,10015992,,complete,,,computer,Desktop or Laptop,Mac OS 10.15.7,Safari 16.4,1440x900,1440x820,,,,Demographics Questionnaire,4,,asd,,set 1,,,Neurodiverse,,ACCEPT,Neurodiverse,No,Age,18
3,1703536404065,25/12/2023 20:33:24,1703536403948,0,25/12/2023 20:33:23,155541,10,questionnaire-4eaj,,33860706,BLIND,10015992,,complete,,,computer,Desktop or Laptop,Mac OS 10.15.7,Safari 16.4,1440x900,1440x820,,,,Demographics Questionnaire,4,,asd,,set 1,,,Neurodiverse,,ACCEPT,Neurodiverse,No,Gender,Woman
4,1703536404065,25/12/2023 20:33:24,1703536403948,0,25/12/2023 20:33:23,155541,10,questionnaire-4eaj,,33860706,BLIND,10015992,,complete,,,computer,Desktop or Laptop,Mac OS 10.15.7,Safari 16.4,1440x900,1440x820,,,,Demographics Questionnaire,4,,asd,,set 1,,,Neurodiverse,,ACCEPT,Neurodiverse,No,Gender-quantised,2
5,1703536404065,25/12/2023 20:33:24,1703536403948,0,25/12/2023 20:33:23,155541,10,questionnaire-4eaj,,33860706,BLIND,10015992,,complete,,,computer,Desktop or Laptop,Mac OS 10.15.7,Safari 16.4,1440x900,1440x820,,,,Demographics Questionnaire,4,,asd,,set 1,,,Neurodiverse,,ACCEPT,Neurodiverse,No,Gender-text,
6,1703536404065,25/12/2023 20:33:24,1703536403948,0,25/12/2023 20:33:23,155541,10,questionnaire-4eaj,,33860706,BLIND,10015992,,complete,,,computer,Desktop or Laptop,Mac OS 10.15.7,Safari 16.4,1440x900,1440x820,,,,Demographics Questionnaire,4,,asd,,set 1,,,Neurodiverse,,ACCEPT,Neurodiverse,No,footedness,Don't know / No preference
7,1703536404065,25/12/2023 20:33:24,1703536403948,0,25/12/2023 20:33:23,155541,10,questionnaire-4eaj,,33860706,BLIND,10015992,,complete,,,computer,Desktop or Laptop,Mac OS 10.15.7,Safari 16.4,1440x900,1440x820,,,,Demographics Questionnaire,4,,asd,,set 1,,,Neurodiverse,,ACCEPT,Neurodiverse,No,footedness-quantised,3
8,1703536404065,25/12/2023 20:33:24,1703536403948,0,25/12/2023 20:33:23,155541,10,questionnaire-4eaj,,33860706,BLIND,10015992,,complete,,,computer,Desktop or Laptop,Mac OS 10.15.7,Safari 16.4,1440x900,1440x820,,,,Demographics Questionnaire,4,,asd,,set 1,,,Neurodiverse,,ACCEPT,Neurodiverse,No,categorical_hand,Left
9,1703536404065,25/12/2023 20:33:24,1703536403948,0,25/12/2023 20:33:23,155541,10,questionnaire-4eaj,,33860706,BLIND,10015992,,complete,,,computer,Desktop or Laptop,Mac OS 10.15.7,Safari 16.4,1440x900,1440x820,,,,Demographics Questionnaire,4,,asd,,set 1,,,Neurodiverse,,ACCEPT,Neurodiverse,No,categorical_hand-quantised,1
10,1703536404065,25/12/2023 20:33:24,1703536403948,0,25/12/2023 20:33:23,155541,10,questionnaire-4eaj,,33860706,BLIND,10015992,,complete,,,computer,Desktop or Laptop,Mac OS 10.15.7,Safari 16.4,1440x900,1440x820,,,,Demographics Questionnaire,4,,asd,,set 1,,,Neurodiverse,,ACCEPT,Neurodiverse,No,age_education,Yes
11,1703536404065,25/12/2023 20:33:24,1703536403948,0,25/12/2023 20:33:23,155541,10,questionnaire-4eaj,,33860706,BLIND,10015992,,complete,,,computer,Desktop or Laptop,Mac OS 10.15.7,Safari 16.4,1440x900,1440x820,,,,Demographics Questionnaire,4,,asd,,set 1,,,Neurodiverse,,ACCEPT,Neurodiverse,No,age_education-quantised,1
12,1703536404065,25/12/2023 20:33:24,1703536403948,0,25/12/2023 20:33:23,155541,10,questionnaire-4eaj,,33860706,BLIND,10015992,,complete,,,computer,Desktop or Laptop,Mac OS 10.15.7,Safari 16.4,1440x900,1440x820,,,,Demographics Questionnaire,4,,asd,,set 1,,,Neurodiverse,,ACCEPT,Neurodiverse,No,age_education-text,
13,1703536404065,25/12/2023 20:33:24,1703536403948,0,25/12/2023 20:33:23,155541,10,questionnaire-4eaj,,33860706,BLIND,10015992,,complete,,,computer,Desktop or Laptop,Mac OS 10.15.7,Safari 16.4,1440x900,1440x820,,,,Demographics Questionnaire,4,,asd,,set 1,,,Neurodiverse,,ACCEPT,Neurodiverse,No,bilingual,No
14,1703536404065,25/12/2023 20:33:24,1703536403948,0,25/12/2023 20:33:23,155541,10,questionnaire-4eaj,,33860706,BLIND,10015992,,complete,,,computer,Desktop or Laptop,Mac OS 10.15.7,Safari 16.4,1440x900,1440x820,,,,Demographics Questionnaire,4,,asd,,set 1,,,Neurodiverse,,ACCEPT,Neurodiverse,No,bilingual-quantised,1
15,1703536404065,25/12/2023 20:33:24,1703536403948,0,25/12/2023 20:33:23,155541,10,questionnaire-4eaj,,33860706,BLIND,10015992,,complete,,,computer,Desktop or Laptop,Mac OS 10.15.7,Safari 16.4,1440x900,1440x820,,,,Demographics Questionnaire,4,,asd,,set 1,,,Neurodiverse,,ACCEPT,Neurodiverse,No,bilingual-text,
16,1703536404065,25/12/2023 20:33:24,1703536403948,0,25/12/2023 20:33:23,155541,10,questionnaire-4eaj,,33860706,BLIND,10015992,,complete,,,computer,Desktop or Laptop,Mac OS 10.15.7,Safari 16.4,1440x900,1440x820,,,,Demographics Questionnaire,4,,asd,,set 1,,,Neurodiverse,,ACCEPT,Neurodiverse,No,END QUESTIONNAIRE,16319
1,1703607119139,26/12/2023 16:11:59,1703607117903,0,26/12/2023 16:11:57,155541,10,questionnaire-4eaj,,33865731,BLIND,10017182,,complete,,,computer,Desktop or Laptop,Windows 10,Edge 120.0.0.0,1536x864,1528x742,,,,Demographics Questionnaire,4,,control,,,,set 1,Controls,ACCEPT,,Controls,No,BEGIN QUESTIONNAIRE,
2,1703607209433,26/12/2023 16:13:29,1703607208260,0,26/12/2023 16:13:28,155541,10,questionnaire-4eaj,,33865731,BLIND,10017182,,complete,,,computer,Desktop or Laptop,Windows 10,Edge 120.0.0.0,1536x864,1513x742,,,,Demographics Questionnaire,4,,control,,,,set 1,Controls,ACCEPT,,Controls,No,Age,18
3,1703607209486,26/12/2023 16:13:29,1703607208261,0,26/12/2023 16:13:28,155541,10,questionnaire-4eaj,,33865731,BLIND,10017182,,complete,,,computer,Desktop or Laptop,Windows 10,Edge 120.0.0.0,1536x864,1513x742,,,,Demographics Questionnaire,4,,control,,,,set 1,Controls,ACCEPT,,Controls,No,Gender,Woman
4,1703607209486,26/12/2023 16:13:29,1703607208262,0,26/12/2023 16:13:28,155541,10,questionnaire-4eaj,,33865731,BLIND,10017182,,complete,,,computer,Desktop or Laptop,Windows 10,Edge 120.0.0.0,1536x864,1513x742,,,,Demographics Questionnaire,4,,control,,,,set 1,Controls,ACCEPT,,Controls,No,Gender-quantised,2
5,1703607209486,26/12/2023 16:13:29,1703607208262,0,26/12/2023 16:13:28,155541,10,questionnaire-4eaj,,33865731,BLIND,10017182,,complete,,,computer,Desktop or Laptop,Windows 10,Edge 120.0.0.0,1536x864,1513x742,,,,Demographics Questionnaire,4,,control,,,,set 1,Controls,ACCEPT,,Controls,No,Gender-text,
6,1703607209486,26/12/2023 16:13:29,1703607208262,0,26/12/2023 16:13:28,155541,10,questionnaire-4eaj,,33865731,BLIND,10017182,,complete,,,computer,Desktop or Laptop,Windows 10,Edge 120.0.0.0,1536x864,1513x742,,,,Demographics Questionnaire,4,,control,,,,set 1,Controls,ACCEPT,,Controls,No,footedness,Right
7,1703607209486,26/12/2023 16:13:29,1703607208262,0,26/12/2023 16:13:28,155541,10,questionnaire-4eaj,,33865731,BLIND,10017182,,complete,,,computer,Desktop or Laptop,Windows 10,Edge 120.0.0.0,1536x864,1513x742,,,,Demographics Questionnaire,4,,control,,,,set 1,Controls,ACCEPT,,Controls,No,footedness-quantised,2
8,1703607209486,26/12/2023 16:13:29,1703607208262,0,26/12/2023 16:13:28,155541,10,questionnaire-4eaj,,33865731,BLIND,10017182,,complete,,,computer,Desktop or Laptop,Windows 10,Edge 120.0.0.0,1536x864,1513x742,,,,Demographics Questionnaire,4,,control,,,,set 1,Controls,ACCEPT,,Controls,No,categorical_hand,Don't know / No preference
9,1703607209486,26/12/2023 16:13:29,1703607208263,0,26/12/2023 16:13:28,155541,10,questionnaire-4eaj,,33865731,BLIND,10017182,,complete,,,computer,Desktop or Laptop,Windows 10,Edge 120.0.0.0,1536x864,1513x742,,,,Demographics Questionnaire,4,,control,,,,set 1,Controls,ACCEPT,,Controls,No,categorical_hand-quantised,3
10,1703607209486,26/12/2023 16:13:29,1703607208263,0,26/12/2023 16:13:28,155541,10,questionnaire-4eaj,,33865731,BLIND,10017182,,complete,,,computer,Desktop or Laptop,Windows 10,Edge 120.0.0.0,1536x864,1513x742,,,,Demographics Questionnaire,4,,control,,,,set 1,Controls,ACCEPT,,Controls,No,age_education,Yes
11,1703607209486,26/12/2023 16:13:29,1703607208263,0,26/12/2023 16:13:28,155541,10,questionnaire-4eaj,,33865731,BLIND,10017182,,complete,,,computer,Desktop or Laptop,Windows 10,Edge 120.0.0.0,1536x864,1513x742,,,,Demographics Questionnaire,4,,control,,,,set 1,Controls,ACCEPT,,Controls,No,age_education-quantised,1
12,1703607209486,26/12/2023 16:13:29,1703607208263,0,26/12/2023 16:13:28,155541,10,questionnaire-4eaj,,33865731,BLIND,10017182,,complete,,,computer,Desktop or Laptop,Windows 10,Edge 120.0.0.0,1536x864,1513x742,,,,Demographics Questionnaire,4,,control,,,,set 1,Controls,ACCEPT,,Controls,No,age_education-text,
13,1703607209486,26/12/2023 16:13:29,1703607208263,0,26/12/2023 16:13:28,155541,10,questionnaire-4eaj,,33865731,BLIND,10017182,,complete,,,computer,Desktop or Laptop,Windows 10,Edge 120.0.0.0,1536x864,1513x742,,,,Demographics Questionnaire,4,,control,,,,set 1,Controls,ACCEPT,,Controls,No,bilingual,No
14,1703607209486,26/12/2023 16:13:29,1703607208264,0,26/12/2023 16:13:28,155541,10,questionnaire-4eaj,,33865731,BLIND,10017182,,complete,,,computer,Desktop or Laptop,Windows 10,Edge 120.0.0.0,1536x864,1513x742,,,,Demographics Questionnaire,4,,control,,,,set 1,Controls,ACCEPT,,Controls,No,bilingual-quantised,1
15,1703607209486,26/12/2023 16:13:29,1703607208264,0,26/12/2023 16:13:28,155541,10,questionnaire-4eaj,,33865731,BLIND,10017182,,complete,,,computer,Desktop or Laptop,Windows 10,Edge 120.0.0.0,1536x864,1513x742,,,,Demographics Questionnaire,4,,control,,,,set 1,Controls,ACCEPT,,Controls,No,bilingual-text,
16,1703607209486,26/12/2023 16:13:29,1703607208264,0,26/12/2023 16:13:28,155541,10,questionnaire-4eaj,,33865731,BLIND,10017182,,complete,,,computer,Desktop or Laptop,Windows 10,Edge 120.0.0.0,1536x864,1513x742,,,,Demographics Questionnaire,4,,control,,,,set 1,Controls,ACCEPT,,Controls,No,END QUESTIONNAIRE,90361
1,1703611868870,26/12/2023 17:31:08,1703611869454,0,26/12/2023 17:31:09,155541,10,questionnaire-4eaj,,33866317,BLIND,10017343,,complete,,,computer,Desktop or Laptop,Windows 10,Edge 120.0.0.0,1536x864,1528x742,,,,Demographics Questionnaire,4,,control,,,,set 2,Controls,ACCEPT,,Controls,No,BEGIN QUESTIONNAIRE,
2,1703611890470,26/12/2023 17:31:30,1703611891133,0,26/12/2023 17:31:31,155541,10,questionnaire-4eaj,,33866317,BLIND,10017343,,complete,,,computer,Desktop or Laptop,Windows 10,Edge 120.0.0.0,1536x864,1513x742,,,,Demographics Questionnaire,4,,control,,,,set 2,Controls,ACCEPT,,Controls,No,Age,19
3,1703611890697,26/12/2023 17:31:30,1703611891134,0,26/12/2023 17:31:31,155541,10,questionnaire-4eaj,,33866317,BLIND,10017343,,complete,,,computer,Desktop or Laptop,Windows 10,Edge 120.0.0.0,1536x864,1513x742,,,,Demographics Questionnaire,4,,control,,,,set 2,Controls,ACCEPT,,Controls,No,Gender,Woman
4,1703611890697,26/12/2023 17:31:30,1703611891134,0,26/12/2023 17:31:31,155541,10,questionnaire-4eaj,,33866317,BLIND,10017343,,complete,,,computer,Desktop or Laptop,Windows 10,Edge 120.0.0.0,1536x864,1513x742,,,,Demographics Questionnaire,4,,control,,,,set 2,Controls,ACCEPT,,Controls,No,Gender-quantised,2
5,1703611890697,26/12/2023 17:31:30,1703611891134,0,26/12/2023 17:31:31,155541,10,questionnaire-4eaj,,33866317,BLIND,10017343,,complete,,,computer,Desktop or Laptop,Windows 10,Edge 120.0.0.0,1536x864,1513x742,,,,Demographics Questionnaire,4,,control,,,,set 2,Controls,ACCEPT,,Controls,No,Gender-text,
6,1703611890697,26/12/2023 17:31:30,1703611891134,0,26/12/2023 17:31:31,155541,10,questionnaire-4eaj,,33866317,BLIND,10017343,,complete,,,computer,Desktop or Laptop,Windows 10,Edge 120.0.0.0,1536x864,1513x742,,,,Demographics Questionnaire,4,,control,,,,set 2,Controls,ACCEPT,,Controls,No,footedness,Right
7,1703611890697,26/12/2023 17:31:30,1703611891134,0,26/12/2023 17:31:31,155541,10,questionnaire-4eaj,,33866317,BLIND,10017343,,complete,,,computer,Desktop or Laptop,Windows 10,Edge 120.0.0.0,1536x864,1513x742,,,,Demographics Questionnaire,4,,control,,,,set 2,Controls,ACCEPT,,Controls,No,footedness-quantised,2
8,1703611890697,26/12/2023 17:31:30,1703611891134,0,26/12/2023 17:31:31,155541,10,questionnaire-4eaj,,33866317,BLIND,10017343,,complete,,,computer,Desktop or Laptop,Windows 10,Edge 120.0.0.0,1536x864,1513x742,,,,Demographics Questionnaire,4,,control,,,,set 2,Controls,ACCEPT,,Controls,No,categorical_hand,Right
9,1703611890697,26/12/2023 17:31:30,1703611891135,0,26/12/2023 17:31:31,155541,10,questionnaire-4eaj,,33866317,BLIND,10017343,,complete,,,computer,Desktop or Laptop,Windows 10,Edge 120.0.0.0,1536x864,1513x742,,,,Demographics Questionnaire,4,,control,,,,set 2,Controls,ACCEPT,,Controls,No,categorical_hand-quantised,2
10,1703611890697,26/12/2023 17:31:30,1703611891135,0,26/12/2023 17:31:31,155541,10,questionnaire-4eaj,,33866317,BLIND,10017343,,complete,,,computer,Desktop or Laptop,Windows 10,Edge 120.0.0.0,1536x864,1513x742,,,,Demographics Questionnaire,4,,control,,,,set 2,Controls,ACCEPT,,Controls,No,age_education,Yes
11,1703611890697,26/12/2023 17:31:30,1703611891135,0,26/12/2023 17:31:31,155541,10,questionnaire-4eaj,,33866317,BLIND,10017343,,complete,,,computer,Desktop or Laptop,Windows 10,Edge 120.0.0.0,1536x864,1513x742,,,,Demographics Questionnaire,4,,control,,,,set 2,Controls,ACCEPT,,Controls,No,age_education-quantised,1
12,1703611890697,26/12/2023 17:31:30,1703611891135,0,26/12/2023 17:31:31,155541,10,questionnaire-4eaj,,33866317,BLIND,10017343,,complete,,,computer,Desktop or Laptop,Windows 10,Edge 120.0.0.0,1536x864,1513x742,,,,Demographics Questionnaire,4,,control,,,,set 2,Controls,ACCEPT,,Controls,No,age_education-text,
13,1703611890697,26/12/2023 17:31:30,1703611891135,0,26/12/2023 17:31:31,155541,10,questionnaire-4eaj,,33866317,BLIND,10017343,,complete,,,computer,Desktop or Laptop,Windows 10,Edge 120.0.0.0,1536x864,1513x742,,,,Demographics Questionnaire,4,,control,,,,set 2,Controls,ACCEPT,,Controls,No,bilingual,No
14,1703611890697,26/12/2023 17:31:30,1703611891135,0,26/12/2023 17:31:31,155541,10,questionnaire-4eaj,,33866317,BLIND,10017343,,complete,,,computer,Desktop or Laptop,Windows 10,Edge 120.0.0.0,1536x864,1513x742,,,,Demographics Questionnaire,4,,control,,,,set 2,Controls,ACCEPT,,Controls,No,bilingual-quantised,1
15,1703611890697,26/12/2023 17:31:30,1703611891135,0,26/12/2023 17:31:31,155541,10,questionnaire-4eaj,,33866317,BLIND,10017343,,complete,,,computer,Desktop or Laptop,Windows 10,Edge 120.0.0.0,1536x864,1513x742,,,,Demographics Questionnaire,4,,control,,,,set 2,Controls,ACCEPT,,Controls,No,bilingual-text,
16,1703611890697,26/12/2023 17:31:30,1703611891135,0,26/12/2023 17:31:31,155541,10,questionnaire-4eaj,,33866317,BLIND,10017343,,complete,,,computer,Desktop or Laptop,Windows 10,Edge 120.0.0.0,1536x864,1513x742,,,,Demographics Questionnaire,4,,control,,,,set 2,Controls,ACCEPT,,Controls,No,END QUESTIONNAIRE,21681
1,1703620173735,26/12/2023 19:49:33,1703620174149,0,26/12/2023 19:49:34,155541,10,questionnaire-4eaj,,33866840,BLIND,10017506,,complete,,,computer,Desktop or Laptop,Windows 10,Edge 120.0.0.0,1536x864,1488x742,,,,Demographics Questionnaire,4,set 2,dyslexia,,,,,Neurodiverse,,ACCEPT,Neurodiverse,No,BEGIN QUESTIONNAIRE,
2,1703620204217,26/12/2023 19:50:04,1703620204686,0,26/12/2023 19:50:04,155541,10,questionnaire-4eaj,,33866840,BLIND,10017506,,complete,,,computer,Desktop or Laptop,Windows 10,Edge 120.0.0.0,1536x864,1473x742,,,,Demographics Questionnaire,4,set 2,dyslexia,,,,,Neurodiverse,,ACCEPT,Neurodiverse,No,Age,18
3,1703620204281,26/12/2023 19:50:04,1703620204687,0,26/12/2023 19:50:04,155541,10,questionnaire-4eaj,,33866840,BLIND,10017506,,complete,,,computer,Desktop or Laptop,Windows 10,Edge 120.0.0.0,1536x864,1473x742,,,,Demographics Questionnaire,4,set 2,dyslexia,,,,,Neurodiverse,,ACCEPT,Neurodiverse,No,Gender,Woman
4,1703620204281,26/12/2023 19:50:04,1703620204687,0,26/12/2023 19:50:04,155541,10,questionnaire-4eaj,,33866840,BLIND,10017506,,complete,,,computer,Desktop or Laptop,Windows 10,Edge 120.0.0.0,1536x864,1473x742,,,,Demographics Questionnaire,4,set 2,dyslexia,,,,,Neurodiverse,,ACCEPT,Neurodiverse,No,Gender-quantised,2
5,1703620204281,26/12/2023 19:50:04,1703620204687,0,26/12/2023 19:50:04,155541,10,questionnaire-4eaj,,33866840,BLIND,10017506,,complete,,,computer,Desktop or Laptop,Windows 10,Edge 120.0.0.0,1536x864,1473x742,,,,Demographics Questionnaire,4,set 2,dyslexia,,,,,Neurodiverse,,ACCEPT,Neurodiverse,No,Gender-text,
6,1703620204281,26/12/2023 19:50:04,1703620204687,0,26/12/2023 19:50:04,155541,10,questionnaire-4eaj,,33866840,BLIND,10017506,,complete,,,computer,Desktop or Laptop,Windows 10,Edge 120.0.0.0,1536x864,1473x742,,,,Demographics Questionnaire,4,set 2,dyslexia,,,,,Neurodiverse,,ACCEPT,Neurodiverse,No,footedness,Left
7,1703620204281,26/12/2023 19:50:04,1703620204687,0,26/12/2023 19:50:04,155541,10,questionnaire-4eaj,,33866840,BLIND,10017506,,complete,,,computer,Desktop or Laptop,Windows 10,Edge 120.0.0.0,1536x864,1473x742,,,,Demographics Questionnaire,4,set 2,dyslexia,,,,,Neurodiverse,,ACCEPT,Neurodiverse,No,footedness-quantised,1
8,1703620204281,26/12/2023 19:50:04,1703620204687,0,26/12/2023 19:50:04,155541,10,questionnaire-4eaj,,33866840,BLIND,10017506,,complete,,,computer,Desktop or Laptop,Windows 10,Edge 120.0.0.0,1536x864,1473x742,,,,Demographics Questionnaire,4,set 2,dyslexia,,,,,Neurodiverse,,ACCEPT,Neurodiverse,No,categorical_hand,Right
9,1703620204281,26/12/2023 19:50:04,1703620204687,0,26/12/2023 19:50:04,155541,10,questionnaire-4eaj,,33866840,BLIND,10017506,,complete,,,computer,Desktop or Laptop,Windows 10,Edge 120.0.0.0,1536x864,1473x742,,,,Demographics Questionnaire,4,set 2,dyslexia,,,,,Neurodiverse,,ACCEPT,Neurodiverse,No,categorical_hand-quantised,2
10,1703620204281,26/12/2023 19:50:04,1703620204687,0,26/12/2023 19:50:04,155541,10,questionnaire-4eaj,,33866840,BLIND,10017506,,complete,,,computer,Desktop or Laptop,Windows 10,Edge 120.0.0.0,1536x864,1473x742,,,,Demographics Questionnaire,4,set 2,dyslexia,,,,,Neurodiverse,,ACCEPT,Neurodiverse,No,age_education,Yes
11,1703620204281,26/12/2023 19:50:04,1703620204687,0,26/12/2023 19:50:04,155541,10,questionnaire-4eaj,,33866840,BLIND,10017506,,complete,,,computer,Desktop or Laptop,Windows 10,Edge 120.0.0.0,1536x864,1473x742,,,,Demographics Questionnaire,4,set 2,dyslexia,,,,,Neurodiverse,,ACCEPT,Neurodiverse,No,age_education-quantised,1
12,1703620204281,26/12/2023 19:50:04,1703620204687,0,26/12/2023 19:50:04,155541,10,questionnaire-4eaj,,33866840,BLIND,10017506,,complete,,,computer,Desktop or Laptop,Windows 10,Edge 120.0.0.0,1536x864,1473x742,,,,Demographics Questionnaire,4,set 2,dyslexia,,,,,Neurodiverse,,ACCEPT,Neurodiverse,No,age_education-text,
13,1703620204281,26/12/2023 19:50:04,1703620204687,0,26/12/2023 19:50:04,155541,10,questionnaire-4eaj,,33866840,BLIND,10017506,,complete,,,computer,Desktop or Laptop,Windows 10,Edge 120.0.0.0,1536x864,1473x742,,,,Demographics Questionnaire,4,set 2,dyslexia,,,,,Neurodiverse,,ACCEPT,Neurodiverse,No,bilingual,Yes. My strongest language is:
14,1703620204281,26/12/2023 19:50:04,1703620204687,0,26/12/2023 19:50:04,155541,10,questionnaire-4eaj,,33866840,BLIND,10017506,,complete,,,computer,Desktop or Laptop,Windows 10,Edge 120.0.0.0,1536x864,1473x742,,,,Demographics Questionnaire,4,set 2,dyslexia,,,,,Neurodiverse,,ACCEPT,Neurodiverse,No,bilingual-text,english
15,1703620204281,26/12/2023 19:50:04,1703620204687,0,26/12/2023 19:50:04,155541,10,questionnaire-4eaj,,33866840,BLIND,10017506,,complete,,,computer,Desktop or Laptop,Windows 10,Edge 120.0.0.0,1536x864,1473x742,,,,Demographics Questionnaire,4,set 2,dyslexia,,,,,Neurodiverse,,ACCEPT,Neurodiverse,No,END QUESTIONNAIRE,30538
1,1703620446655,26/12/2023 19:54:06,1703620446569,0,26/12/2023 19:54:06,155541,10,questionnaire-4eaj,,33866864,BLIND,10017510,,complete,,,computer,Desktop or Laptop,Mac OS 10.15.7,Edge 120.0.0.0,1440x900,1432x698,,,,Demographics Questionnaire,4,,control,,,,set 1,Controls,ACCEPT,,Controls,No,BEGIN QUESTIONNAIRE,
2,1703620464668,26/12/2023 19:54:24,1703620464542,0,26/12/2023 19:54:24,155541,10,questionnaire-4eaj,,33866864,BLIND,10017510,,complete,,,computer,Desktop or Laptop,Mac OS 10.15.7,Edge 120.0.0.0,1440x900,1432x698,,,,Demographics Questionnaire,4,,control,,,,set 1,Controls,ACCEPT,,Controls,No,Age,18
3,1703620464728,26/12/2023 19:54:24,1703620464544,0,26/12/2023 19:54:24,155541,10,questionnaire-4eaj,,33866864,BLIND,10017510,,complete,,,computer,Desktop or Laptop,Mac OS 10.15.7,Edge 120.0.0.0,1440x900,1432x698,,,,Demographics Questionnaire,4,,control,,,,set 1,Controls,ACCEPT,,Controls,No,Gender,Man
4,1703620464728,26/12/2023 19:54:24,1703620464544,0,26/12/2023 19:54:24,155541,10,questionnaire-4eaj,,33866864,BLIND,10017510,,complete,,,computer,Desktop or Laptop,Mac OS 10.15.7,Edge 120.0.0.0,1440x900,1432x698,,,,Demographics Questionnaire,4,,control,,,,set 1,Controls,ACCEPT,,Controls,No,Gender-quantised,1
5,1703620464728,26/12/2023 19:54:24,1703620464544,0,26/12/2023 19:54:24,155541,10,questionnaire-4eaj,,33866864,BLIND,10017510,,complete,,,computer,Desktop or Laptop,Mac OS 10.15.7,Edge 120.0.0.0,1440x900,1432x698,,,,Demographics Questionnaire,4,,control,,,,set 1,Controls,ACCEPT,,Controls,No,Gender-text,
6,1703620464728,26/12/2023 19:54:24,1703620464545,0,26/12/2023 19:54:24,155541,10,questionnaire-4eaj,,33866864,BLIND,10017510,,complete,,,computer,Desktop or Laptop,Mac OS 10.15.7,Edge 120.0.0.0,1440x900,1432x698,,,,Demographics Questionnaire,4,,control,,,,set 1,Controls,ACCEPT,,Controls,No,footedness,Right
7,1703620464728,26/12/2023 19:54:24,1703620464545,0,26/12/2023 19:54:24,155541,10,questionnaire-4eaj,,33866864,BLIND,10017510,,complete,,,computer,Desktop or Laptop,Mac OS 10.15.7,Edge 120.0.0.0,1440x900,1432x698,,,,Demographics Questionnaire,4,,control,,,,set 1,Controls,ACCEPT,,Controls,No,footedness-quantised,2
8,1703620464728,26/12/2023 19:54:24,1703620464545,0,26/12/2023 19:54:24,155541,10,questionnaire-4eaj,,33866864,BLIND,10017510,,complete,,,computer,Desktop or Laptop,Mac OS 10.15.7,Edge 120.0.0.0,1440x900,1432x698,,,,Demographics Questionnaire,4,,control,,,,set 1,Controls,ACCEPT,,Controls,No,categorical_hand,Right
9,1703620464728,26/12/2023 19:54:24,1703620464545,0,26/12/2023 19:54:24,155541,10,questionnaire-4eaj,,33866864,BLIND,10017510,,complete,,,computer,Desktop or Laptop,Mac OS 10.15.7,Edge 120.0.0.0,1440x900,1432x698,,,,Demographics Questionnaire,4,,control,,,,set 1,Controls,ACCEPT,,Controls,No,categorical_hand-quantised,2
10,1703620464728,26/12/2023 19:54:24,1703620464545,0,26/12/2023 19:54:24,155541,10,questionnaire-4eaj,,33866864,BLIND,10017510,,complete,,,computer,Desktop or Laptop,Mac OS 10.15.7,Edge 120.0.0.0,1440x900,1432x698,,,,Demographics Questionnaire,4,,control,,,,set 1,Controls,ACCEPT,,Controls,No,age_education,Yes
11,1703620464728,26/12/2023 19:54:24,1703620464545,0,26/12/2023 19:54:24,155541,10,questionnaire-4eaj,,33866864,BLIND,10017510,,complete,,,computer,Desktop or Laptop,Mac OS 10.15.7,Edge 120.0.0.0,1440x900,1432x698,,,,Demographics Questionnaire,4,,control,,,,set 1,Controls,ACCEPT,,Controls,No,age_education-quantised,1
12,1703620464728,26/12/2023 19:54:24,1703620464545,0,26/12/2023 19:54:24,155541,10,questionnaire-4eaj,,33866864,BLIND,10017510,,complete,,,computer,Desktop or Laptop,Mac OS 10.15.7,Edge 120.0.0.0,1440x900,1432x698,,,,Demographics Questionnaire,4,,control,,,,set 1,Controls,ACCEPT,,Controls,No,age_education-text,
13,1703620464728,26/12/2023 19:54:24,1703620464546,0,26/12/2023 19:54:24,155541,10,questionnaire-4eaj,,33866864,BLIND,10017510,,complete,,,computer,Desktop or Laptop,Mac OS 10.15.7,Edge 120.0.0.0,1440x900,1432x698,,,,Demographics Questionnaire,4,,control,,,,set 1,Controls,ACCEPT,,Controls,No,bilingual,No
14,1703620464728,26/12/2023 19:54:24,1703620464546,0,26/12/2023 19:54:24,155541,10,questionnaire-4eaj,,33866864,BLIND,10017510,,complete,,,computer,Desktop or Laptop,Mac OS 10.15.7,Edge 120.0.0.0,1440x900,1432x698,,,,Demographics Questionnaire,4,,control,,,,set 1,Controls,ACCEPT,,Controls,No,bilingual-quantised,1
15,1703620464728,26/12/2023 19:54:24,1703620464546,0,26/12/2023 19:54:24,155541,10,questionnaire-4eaj,,33866864,BLIND,10017510,,complete,,,computer,Desktop or Laptop,Mac OS 10.15.7,Edge 120.0.0.0,1440x900,1432x698,,,,Demographics Questionnaire,4,,control,,,,set 1,Controls,ACCEPT,,Controls,No,bilingual-text,
16,1703620464728,26/12/2023 19:54:24,1703620464546,0,26/12/2023 19:54:24,155541,10,questionnaire-4eaj,,33866864,BLIND,10017510,,complete,,,computer,Desktop or Laptop,Mac OS 10.15.7,Edge 120.0.0.0,1440x900,1432x698,,,,Demographics Questionnaire,4,,control,,,,set 1,Controls,ACCEPT,,Controls,No,END QUESTIONNAIRE,17977
1,1703665909519,27/12/2023 08:31:49,1703665909317,0,27/12/2023 08:31:49,155541,10,questionnaire-4eaj,,33869592,BLIND,10018275,,complete,,,computer,Desktop or Laptop,Mac OS 10.15.7,Chrome 120.0.0.0,1440x900,1023x682,,,,Demographics Questionnaire,4,,control,,,,set 2,Controls,ACCEPT,,Controls,No,BEGIN QUESTIONNAIRE,
2,1703665925510,27/12/2023 08:32:05,1703665925346,0,27/12/2023 08:32:05,155541,10,questionnaire-4eaj,,33869592,BLIND,10018275,,complete,,,computer,Desktop or Laptop,Mac OS 10.15.7,Chrome 120.0.0.0,1440x900,1023x682,,,,Demographics Questionnaire,4,,control,,,,set 2,Controls,ACCEPT,,Controls,No,Age,18
3,1703665925568,27/12/2023 08:32:05,1703665925349,0,27/12/2023 08:32:05,155541,10,questionnaire-4eaj,,33869592,BLIND,10018275,,complete,,,computer,Desktop or Laptop,Mac OS 10.15.7,Chrome 120.0.0.0,1440x900,1023x682,,,,Demographics Questionnaire,4,,control,,,,set 2,Controls,ACCEPT,,Controls,No,Gender,Woman
4,1703665925568,27/12/2023 08:32:05,1703665925350,0,27/12/2023 08:32:05,155541,10,questionnaire-4eaj,,33869592,BLIND,10018275,,complete,,,computer,Desktop or Laptop,Mac OS 10.15.7,Chrome 120.0.0.0,1440x900,1023x682,,,,Demographics Questionnaire,4,,control,,,,set 2,Controls,ACCEPT,,Controls,No,Gender-quantised,2
5,1703665925568,27/12/2023 08:32:05,1703665925350,0,27/12/2023 08:32:05,155541,10,questionnaire-4eaj,,33869592,BLIND,10018275,,complete,,,computer,Desktop or Laptop,Mac OS 10.15.7,Chrome 120.0.0.0,1440x900,1023x682,,,,Demographics Questionnaire,4,,control,,,,set 2,Controls,ACCEPT,,Controls,No,Gender-text,
6,1703665925568,27/12/2023 08:32:05,1703665925350,0,27/12/2023 08:32:05,155541,10,questionnaire-4eaj,,33869592,BLIND,10018275,,complete,,,computer,Desktop or Laptop,Mac OS 10.15.7,Chrome 120.0.0.0,1440x900,1023x682,,,,Demographics Questionnaire,4,,control,,,,set 2,Controls,ACCEPT,,Controls,No,footedness,Right
7,1703665925568,27/12/2023 08:32:05,1703665925350,0,27/12/2023 08:32:05,155541,10,questionnaire-4eaj,,33869592,BLIND,10018275,,complete,,,computer,Desktop or Laptop,Mac OS 10.15.7,Chrome 120.0.0.0,1440x900,1023x682,,,,Demographics Questionnaire,4,,control,,,,set 2,Controls,ACCEPT,,Controls,No,footedness-quantised,2
8,1703665925568,27/12/2023 08:32:05,1703665925351,0,27/12/2023 08:32:05,155541,10,questionnaire-4eaj,,33869592,BLIND,10018275,,complete,,,computer,Desktop or Laptop,Mac OS 10.15.7,Chrome 120.0.0.0,1440x900,1023x682,,,,Demographics Questionnaire,4,,control,,,,set 2,Controls,ACCEPT,,Controls,No,categorical_hand,Right
9,1703665925568,27/12/2023 08:32:05,1703665925351,0,27/12/2023 08:32:05,155541,10,questionnaire-4eaj,,33869592,BLIND,10018275,,complete,,,computer,Desktop or Laptop,Mac OS 10.15.7,Chrome 120.0.0.0,1440x900,1023x682,,,,Demographics Questionnaire,4,,control,,,,set 2,Controls,ACCEPT,,Controls,No,categorical_hand-quantised,2
10,1703665925568,27/12/2023 08:32:05,1703665925351,0,27/12/2023 08:32:05,155541,10,questionnaire-4eaj,,33869592,BLIND,10018275,,complete,,,computer,Desktop or Laptop,Mac OS 10.15.7,Chrome 120.0.0.0,1440x900,1023x682,,,,Demographics Questionnaire,4,,control,,,,set 2,Controls,ACCEPT,,Controls,No,age_education,Yes
11,1703665925568,27/12/2023 08:32:05,1703665925351,0,27/12/2023 08:32:05,155541,10,questionnaire-4eaj,,33869592,BLIND,10018275,,complete,,,computer,Desktop or Laptop,Mac OS 10.15.7,Chrome 120.0.0.0,1440x900,1023x682,,,,Demographics Questionnaire,4,,control,,,,set 2,Controls,ACCEPT,,Controls,No,age_education-quantised,1
12,1703665925568,27/12/2023 08:32:05,1703665925351,0,27/12/2023 08:32:05,155541,10,questionnaire-4eaj,,33869592,BLIND,10018275,,complete,,,computer,Desktop or Laptop,Mac OS 10.15.7,Chrome 120.0.0.0,1440x900,1023x682,,,,Demographics Questionnaire,4,,control,,,,set 2,Controls,ACCEPT,,Controls,No,age_education-text,
13,1703665925568,27/12/2023 08:32:05,1703665925352,0,27/12/2023 08:32:05,155541,10,questionnaire-4eaj,,33869592,BLIND,10018275,,complete,,,computer,Desktop or Laptop,Mac OS 10.15.7,Chrome 120.0.0.0,1440x900,1023x682,,,,Demographics Questionnaire,4,,control,,,,set 2,Controls,ACCEPT,,Controls,No,bilingual,No
14,1703665925568,27/12/2023 08:32:05,1703665925352,0,27/12/2023 08:32:05,155541,10,questionnaire-4eaj,,33869592,BLIND,10018275,,complete,,,computer,Desktop or Laptop,Mac OS 10.15.7,Chrome 120.0.0.0,1440x900,1023x682,,,,Demographics Questionnaire,4,,control,,,,set 2,Controls,ACCEPT,,Controls,No,bilingual-quantised,1
15,1703665925568,27/12/2023 08:32:05,1703665925352,0,27/12/2023 08:32:05,155541,10,questionnaire-4eaj,,33869592,BLIND,10018275,,complete,,,computer,Desktop or Laptop,Mac OS 10.15.7,Chrome 120.0.0.0,1440x900,1023x682,,,,Demographics Questionnaire,4,,control,,,,set 2,Controls,ACCEPT,,Controls,No,bilingual-text,
16,1703665925568,27/12/2023 08:32:05,1703665925353,0,27/12/2023 08:32:05,155541,10,questionnaire-4eaj,,33869592,BLIND,10018275,,complete,,,computer,Desktop or Laptop,Mac OS 10.15.7,Chrome 120.0.0.0,1440x900,1023x682,,,,Demographics Questionnaire,4,,control,,,,set 2,Controls,ACCEPT,,Controls,No,END QUESTIONNAIRE,16036
1,1703678269311,27/12/2023 11:57:49,1703678272721,0,27/12/2023 11:57:52,155541,10,questionnaire-4eaj,,33870930,BLIND,10018781,,complete,,,computer,Desktop or Laptop,Windows 10,Edge 120.0.0.0,1707x1067,1659x945,,,,Demographics Questionnaire,4,,control,,,,set 2,Controls,ACCEPT,,Controls,No,BEGIN QUESTIONNAIRE,
2,1703678437616,27/12/2023 12:00:37,1703678440802,0,27/12/2023 12:00:40,155541,10,questionnaire-4eaj,,33870930,BLIND,10018781,,complete,,,computer,Desktop or Laptop,Windows 10,Edge 120.0.0.0,1707x1067,1659x945,,,,Demographics Questionnaire,4,,control,,,,set 2,Controls,ACCEPT,,Controls,No,Age,18
3,1703678437722,27/12/2023 12:00:37,1703678440804,0,27/12/2023 12:00:40,155541,10,questionnaire-4eaj,,33870930,BLIND,10018781,,complete,,,computer,Desktop or Laptop,Windows 10,Edge 120.0.0.0,1707x1067,1659x945,,,,Demographics Questionnaire,4,,control,,,,set 2,Controls,ACCEPT,,Controls,No,Gender,Woman
4,1703678437722,27/12/2023 12:00:37,1703678440804,0,27/12/2023 12:00:40,155541,10,questionnaire-4eaj,,33870930,BLIND,10018781,,complete,,,computer,Desktop or Laptop,Windows 10,Edge 120.0.0.0,1707x1067,1659x945,,,,Demographics Questionnaire,4,,control,,,,set 2,Controls,ACCEPT,,Controls,No,Gender-quantised,2
5,1703678437722,27/12/2023 12:00:37,1703678440804,0,27/12/2023 12:00:40,155541,10,questionnaire-4eaj,,33870930,BLIND,10018781,,complete,,,computer,Desktop or Laptop,Windows 10,Edge 120.0.0.0,1707x1067,1659x945,,,,Demographics Questionnaire,4,,control,,,,set 2,Controls,ACCEPT,,Controls,No,Gender-text,
6,1703678437722,27/12/2023 12:00:37,1703678440804,0,27/12/2023 12:00:40,155541,10,questionnaire-4eaj,,33870930,BLIND,10018781,,complete,,,computer,Desktop or Laptop,Windows 10,Edge 120.0.0.0,1707x1067,1659x945,,,,Demographics Questionnaire,4,,control,,,,set 2,Controls,ACCEPT,,Controls,No,footedness,Right
7,1703678437722,27/12/2023 12:00:37,1703678440804,0,27/12/2023 12:00:40,155541,10,questionnaire-4eaj,,33870930,BLIND,10018781,,complete,,,computer,Desktop or Laptop,Windows 10,Edge 120.0.0.0,1707x1067,1659x945,,,,Demographics Questionnaire,4,,control,,,,set 2,Controls,ACCEPT,,Controls,No,footedness-quantised,2
8,1703678437722,27/12/2023 12:00:37,1703678440805,0,27/12/2023 12:00:40,155541,10,questionnaire-4eaj,,33870930,BLIND,10018781,,complete,,,computer,Desktop or Laptop,Windows 10,Edge 120.0.0.0,1707x1067,1659x945,,,,Demographics Questionnaire,4,,control,,,,set 2,Controls,ACCEPT,,Controls,No,categorical_hand,Right
9,1703678437722,27/12/2023 12:00:37,1703678440805,0,27/12/2023 12:00:40,155541,10,questionnaire-4eaj,,33870930,BLIND,10018781,,complete,,,computer,Desktop or Laptop,Windows 10,Edge 120.0.0.0,1707x1067,1659x945,,,,Demographics Questionnaire,4,,control,,,,set 2,Controls,ACCEPT,,Controls,No,categorical_hand-quantised,2
10,1703678437722,27/12/2023 12:00:37,1703678440805,0,27/12/2023 12:00:40,155541,10,questionnaire-4eaj,,33870930,BLIND,10018781,,complete,,,computer,Desktop or Laptop,Windows 10,Edge 120.0.0.0,1707x1067,1659x945,,,,Demographics Questionnaire,4,,control,,,,set 2,Controls,ACCEPT,,Controls,No,age_education,Yes
11,1703678437722,27/12/2023 12:00:37,1703678440805,0,27/12/2023 12:00:40,155541,10,questionnaire-4eaj,,33870930,BLIND,10018781,,complete,,,computer,Desktop or Laptop,Windows 10,Edge 120.0.0.0,1707x1067,1659x945,,,,Demographics Questionnaire,4,,control,,,,set 2,Controls,ACCEPT,,Controls,No,age_education-quantised,1
12,1703678437722,27/12/2023 12:00:37,1703678440805,0,27/12/2023 12:00:40,155541,10,questionnaire-4eaj,,33870930,BLIND,10018781,,complete,,,computer,Desktop or Laptop,Windows 10,Edge 120.0.0.0,1707x1067,1659x945,,,,Demographics Questionnaire,4,,control,,,,set 2,Controls,ACCEPT,,Controls,No,age_education-text,
13,1703678437722,27/12/2023 12:00:37,1703678440806,0,27/12/2023 12:00:40,155541,10,questionnaire-4eaj,,33870930,BLIND,10018781,,complete,,,computer,Desktop or Laptop,Windows 10,Edge 120.0.0.0,1707x1067,1659x945,,,,Demographics Questionnaire,4,,control,,,,set 2,Controls,ACCEPT,,Controls,No,bilingual,No
14,1703678437722,27/12/2023 12:00:37,1703678440806,0,27/12/2023 12:00:40,155541,10,questionnaire-4eaj,,33870930,BLIND,10018781,,complete,,,computer,Desktop or Laptop,Windows 10,Edge 120.0.0.0,1707x1067,1659x945,,,,Demographics Questionnaire,4,,control,,,,set 2,Controls,ACCEPT,,Controls,No,bilingual-quantised,1
15,1703678437722,27/12/2023 12:00:37,1703678440806,0,27/12/2023 12:00:40,155541,10,questionnaire-4eaj,,33870930,BLIND,10018781,,complete,,,computer,Desktop or Laptop,Windows 10,Edge 120.0.0.0,1707x1067,1659x945,,,,Demographics Questionnaire,4,,control,,,,set 2,Controls,ACCEPT,,Controls,No,bilingual-text,
16,1703678437722,27/12/2023 12:00:37,1703678440806,0,27/12/2023 12:00:40,155541,10,questionnaire-4eaj,,33870930,BLIND,10018781,,complete,,,computer,Desktop or Laptop,Windows 10,Edge 120.0.0.0,1707x1067,1659x945,,,,Demographics Questionnaire,4,,control,,,,set 2,Controls,ACCEPT,,Controls,No,END QUESTIONNAIRE,168085
1,1703689118801,27/12/2023 14:58:38,1703689118208,0,27/12/2023 14:58:38,155541,10,questionnaire-4eaj,,33872549,BLIND,10019141,,complete,,,computer,Desktop or Laptop,Windows 10,Firefox 121.0,1536x864,1536x711,,,,Demographics Questionnaire,4,,control,,,,set 1,Controls,ACCEPT,,Controls,No,BEGIN QUESTIONNAIRE,
2,1703689185978,27/12/2023 14:59:45,1703689185409,0,27/12/2023 14:59:45,155541,10,questionnaire-4eaj,,33872549,BLIND,10019141,,complete,,,computer,Desktop or Laptop,Windows 10,Firefox 121.0,1536x864,1519x711,,,,Demographics Questionnaire,4,,control,,,,set 1,Controls,ACCEPT,,Controls,No,Age,19
3,1703689186033,27/12/2023 14:59:46,1703689185410,0,27/12/2023 14:59:45,155541,10,questionnaire-4eaj,,33872549,BLIND,10019141,,complete,,,computer,Desktop or Laptop,Windows 10,Firefox 121.0,1536x864,1519x711,,,,Demographics Questionnaire,4,,control,,,,set 1,Controls,ACCEPT,,Controls,No,Gender,Woman
4,1703689186033,27/12/2023 14:59:46,1703689185410,0,27/12/2023 14:59:45,155541,10,questionnaire-4eaj,,33872549,BLIND,10019141,,complete,,,computer,Desktop or Laptop,Windows 10,Firefox 121.0,1536x864,1519x711,,,,Demographics Questionnaire,4,,control,,,,set 1,Controls,ACCEPT,,Controls,No,Gender-quantised,2
5,1703689186033,27/12/2023 14:59:46,1703689185410,0,27/12/2023 14:59:45,155541,10,questionnaire-4eaj,,33872549,BLIND,10019141,,complete,,,computer,Desktop or Laptop,Windows 10,Firefox 121.0,1536x864,1519x711,,,,Demographics Questionnaire,4,,control,,,,set 1,Controls,ACCEPT,,Controls,No,Gender-text,
6,1703689186033,27/12/2023 14:59:46,1703689185411,0,27/12/2023 14:59:45,155541,10,questionnaire-4eaj,,33872549,BLIND,10019141,,complete,,,computer,Desktop or Laptop,Windows 10,Firefox 121.0,1536x864,1519x711,,,,Demographics Questionnaire,4,,control,,,,set 1,Controls,ACCEPT,,Controls,No,footedness,Right
7,1703689186033,27/12/2023 14:59:46,1703689185411,0,27/12/2023 14:59:45,155541,10,questionnaire-4eaj,,33872549,BLIND,10019141,,complete,,,computer,Desktop or Laptop,Windows 10,Firefox 121.0,1536x864,1519x711,,,,Demographics Questionnaire,4,,control,,,,set 1,Controls,ACCEPT,,Controls,No,footedness-quantised,2
8,1703689186033,27/12/2023 14:59:46,1703689185411,0,27/12/2023 14:59:45,155541,10,questionnaire-4eaj,,33872549,BLIND,10019141,,complete,,,computer,Desktop or Laptop,Windows 10,Firefox 121.0,1536x864,1519x711,,,,Demographics Questionnaire,4,,control,,,,set 1,Controls,ACCEPT,,Controls,No,categorical_hand,Right
9,1703689186033,27/12/2023 14:59:46,1703689185411,0,27/12/2023 14:59:45,155541,10,questionnaire-4eaj,,33872549,BLIND,10019141,,complete,,,computer,Desktop or Laptop,Windows 10,Firefox 121.0,1536x864,1519x711,,,,Demographics Questionnaire,4,,control,,,,set 1,Controls,ACCEPT,,Controls,No,categorical_hand-quantised,2
10,1703689186033,27/12/2023 14:59:46,1703689185411,0,27/12/2023 14:59:45,155541,10,questionnaire-4eaj,,33872549,BLIND,10019141,,complete,,,computer,Desktop or Laptop,Windows 10,Firefox 121.0,1536x864,1519x711,,,,Demographics Questionnaire,4,,control,,,,set 1,Controls,ACCEPT,,Controls,No,age_education,Yes
11,1703689186033,27/12/2023 14:59:46,1703689185411,0,27/12/2023 14:59:45,155541,10,questionnaire-4eaj,,33872549,BLIND,10019141,,complete,,,computer,Desktop or Laptop,Windows 10,Firefox 121.0,1536x864,1519x711,,,,Demographics Questionnaire,4,,control,,,,set 1,Controls,ACCEPT,,Controls,No,age_education-quantised,1
12,1703689186033,27/12/2023 14:59:46,1703689185411,0,27/12/2023 14:59:45,155541,10,questionnaire-4eaj,,33872549,BLIND,10019141,,complete,,,computer,Desktop or Laptop,Windows 10,Firefox 121.0,1536x864,1519x711,,,,Demographics Questionnaire,4,,control,,,,set 1,Controls,ACCEPT,,Controls,No,age_education-text,
13,1703689186033,27/12/2023 14:59:46,1703689185411,0,27/12/2023 14:59:45,155541,10,questionnaire-4eaj,,33872549,BLIND,10019141,,complete,,,computer,Desktop or Laptop,Windows 10,Firefox 121.0,1536x864,1519x711,,,,Demographics Questionnaire,4,,control,,,,set 1,Controls,ACCEPT,,Controls,No,bilingual,No
14,1703689186033,27/12/2023 14:59:46,1703689185411,0,27/12/2023 14:59:45,155541,10,questionnaire-4eaj,,33872549,BLIND,10019141,,complete,,,computer,Desktop or Laptop,Windows 10,Firefox 121.0,1536x864,1519x711,,,,Demographics Questionnaire,4,,control,,,,set 1,Controls,ACCEPT,,Controls,No,bilingual-quantised,1
15,1703689186033,27/12/2023 14:59:46,1703689185411,0,27/12/2023 14:59:45,155541,10,questionnaire-4eaj,,33872549,BLIND,10019141,,complete,,,computer,Desktop or Laptop,Windows 10,Firefox 121.0,1536x864,1519x711,,,,Demographics Questionnaire,4,,control,,,,set 1,Controls,ACCEPT,,Controls,No,bilingual-text,
16,1703689186033,27/12/2023 14:59:46,1703689185411,0,27/12/2023 14:59:45,155541,10,questionnaire-4eaj,,33872549,BLIND,10019141,,complete,,,computer,Desktop or Laptop,Windows 10,Firefox 121.0,1536x864,1519x711,,,,Demographics Questionnaire,4,,control,,,,set 1,Controls,ACCEPT,,Controls,No,END QUESTIONNAIRE,67203
1,1703790085122,28/12/2023 19:01:25,1703790084596,0,28/12/2023 19:01:24,155541,10,questionnaire-4eaj,,33883552,BLIND,10022287,,complete,,,computer,Desktop or Laptop,Windows 10,Chrome 120.0.0.0,1536x864,1536x730,,,,Demographics Questionnaire,4,,control,,,,set 2,Controls,ACCEPT,,Controls,No,BEGIN QUESTIONNAIRE,
2,1703790118540,28/12/2023 19:01:58,1703790118032,0,28/12/2023 19:01:58,155541,10,questionnaire-4eaj,,33883552,BLIND,10022287,,complete,,,computer,Desktop or Laptop,Windows 10,Chrome 120.0.0.0,1536x864,1519x730,,,,Demographics Questionnaire,4,,control,,,,set 2,Controls,ACCEPT,,Controls,No,Age,19
3,1703790118592,28/12/2023 19:01:58,1703790118034,0,28/12/2023 19:01:58,155541,10,questionnaire-4eaj,,33883552,BLIND,10022287,,complete,,,computer,Desktop or Laptop,Windows 10,Chrome 120.0.0.0,1536x864,1519x730,,,,Demographics Questionnaire,4,,control,,,,set 2,Controls,ACCEPT,,Controls,No,Gender,Woman
4,1703790118592,28/12/2023 19:01:58,1703790118035,0,28/12/2023 19:01:58,155541,10,questionnaire-4eaj,,33883552,BLIND,10022287,,complete,,,computer,Desktop or Laptop,Windows 10,Chrome 120.0.0.0,1536x864,1519x730,,,,Demographics Questionnaire,4,,control,,,,set 2,Controls,ACCEPT,,Controls,No,Gender-quantised,2
5,1703790118592,28/12/2023 19:01:58,1703790118035,0,28/12/2023 19:01:58,155541,10,questionnaire-4eaj,,33883552,BLIND,10022287,,complete,,,computer,Desktop or Laptop,Windows 10,Chrome 120.0.0.0,1536x864,1519x730,,,,Demographics Questionnaire,4,,control,,,,set 2,Controls,ACCEPT,,Controls,No,Gender-text,
6,1703790118592,28/12/2023 19:01:58,1703790118035,0,28/12/2023 19:01:58,155541,10,questionnaire-4eaj,,33883552,BLIND,10022287,,complete,,,computer,Desktop or Laptop,Windows 10,Chrome 120.0.0.0,1536x864,1519x730,,,,Demographics Questionnaire,4,,control,,,,set 2,Controls,ACCEPT,,Controls,No,footedness,Right
7,1703790118592,28/12/2023 19:01:58,1703790118035,0,28/12/2023 19:01:58,155541,10,questionnaire-4eaj,,33883552,BLIND,10022287,,complete,,,computer,Desktop or Laptop,Windows 10,Chrome 120.0.0.0,1536x864,1519x730,,,,Demographics Questionnaire,4,,control,,,,set 2,Controls,ACCEPT,,Controls,No,footedness-quantised,2
8,1703790118592,28/12/2023 19:01:58,1703790118035,0,28/12/2023 19:01:58,155541,10,questionnaire-4eaj,,33883552,BLIND,10022287,,complete,,,computer,Desktop or Laptop,Windows 10,Chrome 120.0.0.0,1536x864,1519x730,,,,Demographics Questionnaire,4,,control,,,,set 2,Controls,ACCEPT,,Controls,No,categorical_hand,Right
9,1703790118592,28/12/2023 19:01:58,1703790118035,0,28/12/2023 19:01:58,155541,10,questionnaire-4eaj,,33883552,BLIND,10022287,,complete,,,computer,Desktop or Laptop,Windows 10,Chrome 120.0.0.0,1536x864,1519x730,,,,Demographics Questionnaire,4,,control,,,,set 2,Controls,ACCEPT,,Controls,No,categorical_hand-quantised,2
10,1703790118592,28/12/2023 19:01:58,1703790118035,0,28/12/2023 19:01:58,155541,10,questionnaire-4eaj,,33883552,BLIND,10022287,,complete,,,computer,Desktop or Laptop,Windows 10,Chrome 120.0.0.0,1536x864,1519x730,,,,Demographics Questionnaire,4,,control,,,,set 2,Controls,ACCEPT,,Controls,No,age_education,Yes
11,1703790118592,28/12/2023 19:01:58,1703790118036,0,28/12/2023 19:01:58,155541,10,questionnaire-4eaj,,33883552,BLIND,10022287,,complete,,,computer,Desktop or Laptop,Windows 10,Chrome 120.0.0.0,1536x864,1519x730,,,,Demographics Questionnaire,4,,control,,,,set 2,Controls,ACCEPT,,Controls,No,age_education-quantised,1
12,1703790118592,28/12/2023 19:01:58,1703790118036,0,28/12/2023 19:01:58,155541,10,questionnaire-4eaj,,33883552,BLIND,10022287,,complete,,,computer,Desktop or Laptop,Windows 10,Chrome 120.0.0.0,1536x864,1519x730,,,,Demographics Questionnaire,4,,control,,,,set 2,Controls,ACCEPT,,Controls,No,age_education-text,
13,1703790118592,28/12/2023 19:01:58,1703790118036,0,28/12/2023 19:01:58,155541,10,questionnaire-4eaj,,33883552,BLIND,10022287,,complete,,,computer,Desktop or Laptop,Windows 10,Chrome 120.0.0.0,1536x864,1519x730,,,,Demographics Questionnaire,4,,control,,,,set 2,Controls,ACCEPT,,Controls,No,bilingual,No
14,1703790118592,28/12/2023 19:01:58,1703790118036,0,28/12/2023 19:01:58,155541,10,questionnaire-4eaj,,33883552,BLIND,10022287,,complete,,,computer,Desktop or Laptop,Windows 10,Chrome 120.0.0.0,1536x864,1519x730,,,,Demographics Questionnaire,4,,control,,,,set 2,Controls,ACCEPT,,Controls,No,bilingual-quantised,1
15,1703790118592,28/12/2023 19:01:58,1703790118037,0,28/12/2023 19:01:58,155541,10,questionnaire-4eaj,,33883552,BLIND,10022287,,complete,,,computer,Desktop or Laptop,Windows 10,Chrome 120.0.0.0,1536x864,1519x730,,,,Demographics Questionnaire,4,,control,,,,set 2,Controls,ACCEPT,,Controls,No,bilingual-text,
16,1703790118592,28/12/2023 19:01:58,1703790118037,0,28/12/2023 19:01:58,155541,10,questionnaire-4eaj,,33883552,BLIND,10022287,,complete,,,computer,Desktop or Laptop,Windows 10,Chrome 120.0.0.0,1536x864,1519x730,,,,Demographics Questionnaire,4,,control,,,,set 2,Controls,ACCEPT,,Controls,No,END QUESTIONNAIRE,33441
1,1703801341568,28/12/2023 22:09:01,1703801341403,0,28/12/2023 22:09:01,155541,10,questionnaire-4eaj,,33885036,BLIND,10022667,,complete,,,computer,Desktop or Laptop,Mac OS 10.15.7,Safari 17.1.1,820x1180,1180x713,,,,Demographics Questionnaire,4,,control,,,,set 1,Controls,ACCEPT,,Controls,No,BEGIN QUESTIONNAIRE,
2,1703801364582,28/12/2023 22:09:24,1703801364475,0,28/12/2023 22:09:24,155541,10,questionnaire-4eaj,,33885036,BLIND,10022667,,complete,,,computer,Desktop or Laptop,Mac OS 10.15.7,Safari 17.1.1,820x1180,1180x713,,,,Demographics Questionnaire,4,,control,,,,set 1,Controls,ACCEPT,,Controls,No,Age,19
3,1703801364663,28/12/2023 22:09:24,1703801364478,0,28/12/2023 22:09:24,155541,10,questionnaire-4eaj,,33885036,BLIND,10022667,,complete,,,computer,Desktop or Laptop,Mac OS 10.15.7,Safari 17.1.1,820x1180,1180x713,,,,Demographics Questionnaire,4,,control,,,,set 1,Controls,ACCEPT,,Controls,No,Gender,Woman
4,1703801364663,28/12/2023 22:09:24,1703801364478,0,28/12/2023 22:09:24,155541,10,questionnaire-4eaj,,33885036,BLIND,10022667,,complete,,,computer,Desktop or Laptop,Mac OS 10.15.7,Safari 17.1.1,820x1180,1180x713,,,,Demographics Questionnaire,4,,control,,,,set 1,Controls,ACCEPT,,Controls,No,Gender-quantised,2
5,1703801364663,28/12/2023 22:09:24,1703801364478,0,28/12/2023 22:09:24,155541,10,questionnaire-4eaj,,33885036,BLIND,10022667,,complete,,,computer,Desktop or Laptop,Mac OS 10.15.7,Safari 17.1.1,820x1180,1180x713,,,,Demographics Questionnaire,4,,control,,,,set 1,Controls,ACCEPT,,Controls,No,Gender-text,
6,1703801364663,28/12/2023 22:09:24,1703801364478,0,28/12/2023 22:09:24,155541,10,questionnaire-4eaj,,33885036,BLIND,10022667,,complete,,,computer,Desktop or Laptop,Mac OS 10.15.7,Safari 17.1.1,820x1180,1180x713,,,,Demographics Questionnaire,4,,control,,,,set 1,Controls,ACCEPT,,Controls,No,footedness,Left
7,1703801364663,28/12/2023 22:09:24,1703801364478,0,28/12/2023 22:09:24,155541,10,questionnaire-4eaj,,33885036,BLIND,10022667,,complete,,,computer,Desktop or Laptop,Mac OS 10.15.7,Safari 17.1.1,820x1180,1180x713,,,,Demographics Questionnaire,4,,control,,,,set 1,Controls,ACCEPT,,Controls,No,footedness-quantised,1
8,1703801364663,28/12/2023 22:09:24,1703801364478,0,28/12/2023 22:09:24,155541,10,questionnaire-4eaj,,33885036,BLIND,10022667,,complete,,,computer,Desktop or Laptop,Mac OS 10.15.7,Safari 17.1.1,820x1180,1180x713,,,,Demographics Questionnaire,4,,control,,,,set 1,Controls,ACCEPT,,Controls,No,categorical_hand,Right
9,1703801364663,28/12/2023 22:09:24,1703801364478,0,28/12/2023 22:09:24,155541,10,questionnaire-4eaj,,33885036,BLIND,10022667,,complete,,,computer,Desktop or Laptop,Mac OS 10.15.7,Safari 17.1.1,820x1180,1180x713,,,,Demographics Questionnaire,4,,control,,,,set 1,Controls,ACCEPT,,Controls,No,categorical_hand-quantised,2
10,1703801364663,28/12/2023 22:09:24,1703801364478,0,28/12/2023 22:09:24,155541,10,questionnaire-4eaj,,33885036,BLIND,10022667,,complete,,,computer,Desktop or Laptop,Mac OS 10.15.7,Safari 17.1.1,820x1180,1180x713,,,,Demographics Questionnaire,4,,control,,,,set 1,Controls,ACCEPT,,Controls,No,age_education,Yes
11,1703801364663,28/12/2023 22:09:24,1703801364478,0,28/12/2023 22:09:24,155541,10,questionnaire-4eaj,,33885036,BLIND,10022667,,complete,,,computer,Desktop or Laptop,Mac OS 10.15.7,Safari 17.1.1,820x1180,1180x713,,,,Demographics Questionnaire,4,,control,,,,set 1,Controls,ACCEPT,,Controls,No,age_education-quantised,1
12,1703801364663,28/12/2023 22:09:24,1703801364478,0,28/12/2023 22:09:24,155541,10,questionnaire-4eaj,,33885036,BLIND,10022667,,complete,,,computer,Desktop or Laptop,Mac OS 10.15.7,Safari 17.1.1,820x1180,1180x713,,,,Demographics Questionnaire,4,,control,,,,set 1,Controls,ACCEPT,,Controls,No,age_education-text,
13,1703801364663,28/12/2023 22:09:24,1703801364479,0,28/12/2023 22:09:24,155541,10,questionnaire-4eaj,,33885036,BLIND,10022667,,complete,,,computer,Desktop or Laptop,Mac OS 10.15.7,Safari 17.1.1,820x1180,1180x713,,,,Demographics Questionnaire,4,,control,,,,set 1,Controls,ACCEPT,,Controls,No,bilingual,No
14,1703801364663,28/12/2023 22:09:24,1703801364479,0,28/12/2023 22:09:24,155541,10,questionnaire-4eaj,,33885036,BLIND,10022667,,complete,,,computer,Desktop or Laptop,Mac OS 10.15.7,Safari 17.1.1,820x1180,1180x713,,,,Demographics Questionnaire,4,,control,,,,set 1,Controls,ACCEPT,,Controls,No,bilingual-quantised,1
15,1703801364663,28/12/2023 22:09:24,1703801364479,0,28/12/2023 22:09:24,155541,10,questionnaire-4eaj,,33885036,BLIND,10022667,,complete,,,computer,Desktop or Laptop,Mac OS 10.15.7,Safari 17.1.1,820x1180,1180x713,,,,Demographics Questionnaire,4,,control,,,,set 1,Controls,ACCEPT,,Controls,No,bilingual-text,
16,1703801364663,28/12/2023 22:09:24,1703801364479,0,28/12/2023 22:09:24,155541,10,questionnaire-4eaj,,33885036,BLIND,10022667,,complete,,,computer,Desktop or Laptop,Mac OS 10.15.7,Safari 17.1.1,820x1180,1180x713,,,,Demographics Questionnaire,4,,control,,,,set 1,Controls,ACCEPT,,Controls,No,END QUESTIONNAIRE,23076
1,1703962163690,30/12/2023 18:49:23,1703962163643,0,30/12/2023 18:49:23,155541,10,questionnaire-4eaj,,33897180,BLIND,10032283,,complete,,,computer,Desktop or Laptop,Mac OS 10.15.7,Safari 15.6,1440x900,720x760,,,,Demographics Questionnaire,4,,control,,,,set 2,Controls,ACCEPT,,Controls,No,BEGIN QUESTIONNAIRE,
2,1703962196933,30/12/2023 18:49:56,1703962196914,0,30/12/2023 18:49:56,155541,10,questionnaire-4eaj,,33897180,BLIND,10032283,,complete,,,computer,Desktop or Laptop,Mac OS 10.15.7,Safari 15.6,1440x900,720x760,,,,Demographics Questionnaire,4,,control,,,,set 2,Controls,ACCEPT,,Controls,No,Age,18
3,1703962197004,30/12/2023 18:49:57,1703962196916,0,30/12/2023 18:49:56,155541,10,questionnaire-4eaj,,33897180,BLIND,10032283,,complete,,,computer,Desktop or Laptop,Mac OS 10.15.7,Safari 15.6,1440x900,720x760,,,,Demographics Questionnaire,4,,control,,,,set 2,Controls,ACCEPT,,Controls,No,Gender,Woman
4,1703962197004,30/12/2023 18:49:57,1703962196916,0,30/12/2023 18:49:56,155541,10,questionnaire-4eaj,,33897180,BLIND,10032283,,complete,,,computer,Desktop or Laptop,Mac OS 10.15.7,Safari 15.6,1440x900,720x760,,,,Demographics Questionnaire,4,,control,,,,set 2,Controls,ACCEPT,,Controls,No,Gender-quantised,2
5,1703962197004,30/12/2023 18:49:57,1703962196916,0,30/12/2023 18:49:56,155541,10,questionnaire-4eaj,,33897180,BLIND,10032283,,complete,,,computer,Desktop or Laptop,Mac OS 10.15.7,Safari 15.6,1440x900,720x760,,,,Demographics Questionnaire,4,,control,,,,set 2,Controls,ACCEPT,,Controls,No,Gender-text,
6,1703962197004,30/12/2023 18:49:57,1703962196916,0,30/12/2023 18:49:56,155541,10,questionnaire-4eaj,,33897180,BLIND,10032283,,complete,,,computer,Desktop or Laptop,Mac OS 10.15.7,Safari 15.6,1440x900,720x760,,,,Demographics Questionnaire,4,,control,,,,set 2,Controls,ACCEPT,,Controls,No,footedness,Left
7,1703962197004,30/12/2023 18:49:57,1703962196916,0,30/12/2023 18:49:56,155541,10,questionnaire-4eaj,,33897180,BLIND,10032283,,complete,,,computer,Desktop or Laptop,Mac OS 10.15.7,Safari 15.6,1440x900,720x760,,,,Demographics Questionnaire,4,,control,,,,set 2,Controls,ACCEPT,,Controls,No,footedness-quantised,1
8,1703962197004,30/12/2023 18:49:57,1703962196916,0,30/12/2023 18:49:56,155541,10,questionnaire-4eaj,,33897180,BLIND,10032283,,complete,,,computer,Desktop or Laptop,Mac OS 10.15.7,Safari 15.6,1440x900,720x760,,,,Demographics Questionnaire,4,,control,,,,set 2,Controls,ACCEPT,,Controls,No,categorical_hand,Left
9,1703962197004,30/12/2023 18:49:57,1703962196916,0,30/12/2023 18:49:56,155541,10,questionnaire-4eaj,,33897180,BLIND,10032283,,complete,,,computer,Desktop or Laptop,Mac OS 10.15.7,Safari 15.6,1440x900,720x760,,,,Demographics Questionnaire,4,,control,,,,set 2,Controls,ACCEPT,,Controls,No,categorical_hand-quantised,1
10,1703962197004,30/12/2023 18:49:57,1703962196916,0,30/12/2023 18:49:56,155541,10,questionnaire-4eaj,,33897180,BLIND,10032283,,complete,,,computer,Desktop or Laptop,Mac OS 10.15.7,Safari 15.6,1440x900,720x760,,,,Demographics Questionnaire,4,,control,,,,set 2,Controls,ACCEPT,,Controls,No,age_education,Yes
11,1703962197004,30/12/2023 18:49:57,1703962196916,0,30/12/2023 18:49:56,155541,10,questionnaire-4eaj,,33897180,BLIND,10032283,,complete,,,computer,Desktop or Laptop,Mac OS 10.15.7,Safari 15.6,1440x900,720x760,,,,Demographics Questionnaire,4,,control,,,,set 2,Controls,ACCEPT,,Controls,No,age_education-quantised,1
12,1703962197004,30/12/2023 18:49:57,1703962196917,0,30/12/2023 18:49:56,155541,10,questionnaire-4eaj,,33897180,BLIND,10032283,,complete,,,computer,Desktop or Laptop,Mac OS 10.15.7,Safari 15.6,1440x900,720x760,,,,Demographics Questionnaire,4,,control,,,,set 2,Controls,ACCEPT,,Controls,No,age_education-text,
13,1703962197004,30/12/2023 18:49:57,1703962196917,0,30/12/2023 18:49:56,155541,10,questionnaire-4eaj,,33897180,BLIND,10032283,,complete,,,computer,Desktop or Laptop,Mac OS 10.15.7,Safari 15.6,1440x900,720x760,,,,Demographics Questionnaire,4,,control,,,,set 2,Controls,ACCEPT,,Controls,No,bilingual,No
14,1703962197004,30/12/2023 18:49:57,1703962196917,0,30/12/2023 18:49:56,155541,10,questionnaire-4eaj,,33897180,BLIND,10032283,,complete,,,computer,Desktop or Laptop,Mac OS 10.15.7,Safari 15.6,1440x900,720x760,,,,Demographics Questionnaire,4,,control,,,,set 2,Controls,ACCEPT,,Controls,No,bilingual-quantised,1
15,1703962197004,30/12/2023 18:49:57,1703962196917,0,30/12/2023 18:49:56,155541,10,questionnaire-4eaj,,33897180,BLIND,10032283,,complete,,,computer,Desktop or Laptop,Mac OS 10.15.7,Safari 15.6,1440x900,720x760,,,,Demographics Questionnaire,4,,control,,,,set 2,Controls,ACCEPT,,Controls,No,bilingual-text,
16,1703962197004,30/12/2023 18:49:57,1703962196917,0,30/12/2023 18:49:56,155541,10,questionnaire-4eaj,,33897180,BLIND,10032283,,complete,,,computer,Desktop or Laptop,Mac OS 10.15.7,Safari 15.6,1440x900,720x760,,,,Demographics Questionnaire,4,,control,,,,set 2,Controls,ACCEPT,,Controls,No,END QUESTIONNAIRE,33274
1,1704038776458,31/12/2023 16:06:16,1704038775696,1,31/12/2023 17:06:15,155541,10,questionnaire-4eaj,,33900589,BLIND,10034239,,complete,,,computer,Desktop or Laptop,Chromium OS 14541.0.0,Chrome 119.0.0.0,1396x785,1397x699,,,,Demographics Questionnaire,4,,control,,,,set 1,Controls,ACCEPT,,Controls,No,BEGIN QUESTIONNAIRE,
2,1704038813295,31/12/2023 16:06:53,1704038812568,1,31/12/2023 17:06:52,155541,10,questionnaire-4eaj,,33900589,BLIND,10034239,,complete,,,computer,Desktop or Laptop,Chromium OS 14541.0.0,Chrome 119.0.0.0,1396x785,1397x699,,,,Demographics Questionnaire,4,,control,,,,set 1,Controls,ACCEPT,,Controls,No,Age,18
3,1704038813362,31/12/2023 16:06:53,1704038812570,1,31/12/2023 17:06:52,155541,10,questionnaire-4eaj,,33900589,BLIND,10034239,,complete,,,computer,Desktop or Laptop,Chromium OS 14541.0.0,Chrome 119.0.0.0,1396x785,1397x699,,,,Demographics Questionnaire,4,,control,,,,set 1,Controls,ACCEPT,,Controls,No,Gender,Woman
4,1704038813362,31/12/2023 16:06:53,1704038812570,1,31/12/2023 17:06:52,155541,10,questionnaire-4eaj,,33900589,BLIND,10034239,,complete,,,computer,Desktop or Laptop,Chromium OS 14541.0.0,Chrome 119.0.0.0,1396x785,1397x699,,,,Demographics Questionnaire,4,,control,,,,set 1,Controls,ACCEPT,,Controls,No,Gender-quantised,2
5,1704038813362,31/12/2023 16:06:53,1704038812570,1,31/12/2023 17:06:52,155541,10,questionnaire-4eaj,,33900589,BLIND,10034239,,complete,,,computer,Desktop or Laptop,Chromium OS 14541.0.0,Chrome 119.0.0.0,1396x785,1397x699,,,,Demographics Questionnaire,4,,control,,,,set 1,Controls,ACCEPT,,Controls,No,Gender-text,
6,1704038813362,31/12/2023 16:06:53,1704038812570,1,31/12/2023 17:06:52,155541,10,questionnaire-4eaj,,33900589,BLIND,10034239,,complete,,,computer,Desktop or Laptop,Chromium OS 14541.0.0,Chrome 119.0.0.0,1396x785,1397x699,,,,Demographics Questionnaire,4,,control,,,,set 1,Controls,ACCEPT,,Controls,No,footedness,Right
7,1704038813362,31/12/2023 16:06:53,1704038812570,1,31/12/2023 17:06:52,155541,10,questionnaire-4eaj,,33900589,BLIND,10034239,,complete,,,computer,Desktop or Laptop,Chromium OS 14541.0.0,Chrome 119.0.0.0,1396x785,1397x699,,,,Demographics Questionnaire,4,,control,,,,set 1,Controls,ACCEPT,,Controls,No,footedness-quantised,2
8,1704038813362,31/12/2023 16:06:53,1704038812571,1,31/12/2023 17:06:52,155541,10,questionnaire-4eaj,,33900589,BLIND,10034239,,complete,,,computer,Desktop or Laptop,Chromium OS 14541.0.0,Chrome 119.0.0.0,1396x785,1397x699,,,,Demographics Questionnaire,4,,control,,,,set 1,Controls,ACCEPT,,Controls,No,categorical_hand,Right
9,1704038813362,31/12/2023 16:06:53,1704038812571,1,31/12/2023 17:06:52,155541,10,questionnaire-4eaj,,33900589,BLIND,10034239,,complete,,,computer,Desktop or Laptop,Chromium OS 14541.0.0,Chrome 119.0.0.0,1396x785,1397x699,,,,Demographics Questionnaire,4,,control,,,,set 1,Controls,ACCEPT,,Controls,No,categorical_hand-quantised,2
10,1704038813362,31/12/2023 16:06:53,1704038812571,1,31/12/2023 17:06:52,155541,10,questionnaire-4eaj,,33900589,BLIND,10034239,,complete,,,computer,Desktop or Laptop,Chromium OS 14541.0.0,Chrome 119.0.0.0,1396x785,1397x699,,,,Demographics Questionnaire,4,,control,,,,set 1,Controls,ACCEPT,,Controls,No,age_education,Yes
11,1704038813362,31/12/2023 16:06:53,1704038812571,1,31/12/2023 17:06:52,155541,10,questionnaire-4eaj,,33900589,BLIND,10034239,,complete,,,computer,Desktop or Laptop,Chromium OS 14541.0.0,Chrome 119.0.0.0,1396x785,1397x699,,,,Demographics Questionnaire,4,,control,,,,set 1,Controls,ACCEPT,,Controls,No,age_education-quantised,1
12,1704038813362,31/12/2023 16:06:53,1704038812571,1,31/12/2023 17:06:52,155541,10,questionnaire-4eaj,,33900589,BLIND,10034239,,complete,,,computer,Desktop or Laptop,Chromium OS 14541.0.0,Chrome 119.0.0.0,1396x785,1397x699,,,,Demographics Questionnaire,4,,control,,,,set 1,Controls,ACCEPT,,Controls,No,age_education-text,
13,1704038813362,31/12/2023 16:06:53,1704038812571,1,31/12/2023 17:06:52,155541,10,questionnaire-4eaj,,33900589,BLIND,10034239,,complete,,,computer,Desktop or Laptop,Chromium OS 14541.0.0,Chrome 119.0.0.0,1396x785,1397x699,,,,Demographics Questionnaire,4,,control,,,,set 1,Controls,ACCEPT,,Controls,No,bilingual,Yes. My strongest language is:
14,1704038813362,31/12/2023 16:06:53,1704038812572,1,31/12/2023 17:06:52,155541,10,questionnaire-4eaj,,33900589,BLIND,10034239,,complete,,,computer,Desktop or Laptop,Chromium OS 14541.0.0,Chrome 119.0.0.0,1396x785,1397x699,,,,Demographics Questionnaire,4,,control,,,,set 1,Controls,ACCEPT,,Controls,No,bilingual-text,English
15,1704038813362,31/12/2023 16:06:53,1704038812572,1,31/12/2023 17:06:52,155541,10,questionnaire-4eaj,,33900589,BLIND,10034239,,complete,,,computer,Desktop or Laptop,Chromium OS 14541.0.0,Chrome 119.0.0.0,1396x785,1397x699,,,,Demographics Questionnaire,4,,control,,,,set 1,Controls,ACCEPT,,Controls,No,END QUESTIONNAIRE,36876
1,1704125149335,01/01/2024 16:05:49,1704125149276,0,01/01/2024 16:05:49,155541,10,questionnaire-4eaj,,33904387,BLIND,10035810,,complete,,,computer,Desktop or Laptop,Mac OS 10.15.7,Safari 16.6,810x1080,810x977,,,,Demographics Questionnaire,4,,control,,,,set 1,Controls,ACCEPT,,Controls,No,BEGIN QUESTIONNAIRE,
2,1704125180091,01/01/2024 16:06:20,1704125180045,0,01/01/2024 16:06:20,155541,10,questionnaire-4eaj,,33904387,BLIND,10035810,,complete,,,computer,Desktop or Laptop,Mac OS 10.15.7,Safari 16.6,810x1080,810x977,,,,Demographics Questionnaire,4,,control,,,,set 1,Controls,ACCEPT,,Controls,No,Age,18
3,1704125180143,01/01/2024 16:06:20,1704125180047,0,01/01/2024 16:06:20,155541,10,questionnaire-4eaj,,33904387,BLIND,10035810,,complete,,,computer,Desktop or Laptop,Mac OS 10.15.7,Safari 16.6,810x1080,810x977,,,,Demographics Questionnaire,4,,control,,,,set 1,Controls,ACCEPT,,Controls,No,Gender,Woman
4,1704125180143,01/01/2024 16:06:20,1704125180047,0,01/01/2024 16:06:20,155541,10,questionnaire-4eaj,,33904387,BLIND,10035810,,complete,,,computer,Desktop or Laptop,Mac OS 10.15.7,Safari 16.6,810x1080,810x977,,,,Demographics Questionnaire,4,,control,,,,set 1,Controls,ACCEPT,,Controls,No,Gender-quantised,2
5,1704125180143,01/01/2024 16:06:20,1704125180047,0,01/01/2024 16:06:20,155541,10,questionnaire-4eaj,,33904387,BLIND,10035810,,complete,,,computer,Desktop or Laptop,Mac OS 10.15.7,Safari 16.6,810x1080,810x977,,,,Demographics Questionnaire,4,,control,,,,set 1,Controls,ACCEPT,,Controls,No,Gender-text,
6,1704125180143,01/01/2024 16:06:20,1704125180047,0,01/01/2024 16:06:20,155541,10,questionnaire-4eaj,,33904387,BLIND,10035810,,complete,,,computer,Desktop or Laptop,Mac OS 10.15.7,Safari 16.6,810x1080,810x977,,,,Demographics Questionnaire,4,,control,,,,set 1,Controls,ACCEPT,,Controls,No,footedness,Right
7,1704125180143,01/01/2024 16:06:20,1704125180048,0,01/01/2024 16:06:20,155541,10,questionnaire-4eaj,,33904387,BLIND,10035810,,complete,,,computer,Desktop or Laptop,Mac OS 10.15.7,Safari 16.6,810x1080,810x977,,,,Demographics Questionnaire,4,,control,,,,set 1,Controls,ACCEPT,,Controls,No,footedness-quantised,2
8,1704125180143,01/01/2024 16:06:20,1704125180048,0,01/01/2024 16:06:20,155541,10,questionnaire-4eaj,,33904387,BLIND,10035810,,complete,,,computer,Desktop or Laptop,Mac OS 10.15.7,Safari 16.6,810x1080,810x977,,,,Demographics Questionnaire,4,,control,,,,set 1,Controls,ACCEPT,,Controls,No,categorical_hand,Don't know / No preference
9,1704125180143,01/01/2024 16:06:20,1704125180048,0,01/01/2024 16:06:20,155541,10,questionnaire-4eaj,,33904387,BLIND,10035810,,complete,,,computer,Desktop or Laptop,Mac OS 10.15.7,Safari 16.6,810x1080,810x977,,,,Demographics Questionnaire,4,,control,,,,set 1,Controls,ACCEPT,,Controls,No,categorical_hand-quantised,3
10,1704125180143,01/01/2024 16:06:20,1704125180048,0,01/01/2024 16:06:20,155541,10,questionnaire-4eaj,,33904387,BLIND,10035810,,complete,,,computer,Desktop or Laptop,Mac OS 10.15.7,Safari 16.6,810x1080,810x977,,,,Demographics Questionnaire,4,,control,,,,set 1,Controls,ACCEPT,,Controls,No,age_education,Yes
11,1704125180143,01/01/2024 16:06:20,1704125180048,0,01/01/2024 16:06:20,155541,10,questionnaire-4eaj,,33904387,BLIND,10035810,,complete,,,computer,Desktop or Laptop,Mac OS 10.15.7,Safari 16.6,810x1080,810x977,,,,Demographics Questionnaire,4,,control,,,,set 1,Controls,ACCEPT,,Controls,No,age_education-quantised,1
12,1704125180143,01/01/2024 16:06:20,1704125180048,0,01/01/2024 16:06:20,155541,10,questionnaire-4eaj,,33904387,BLIND,10035810,,complete,,,computer,Desktop or Laptop,Mac OS 10.15.7,Safari 16.6,810x1080,810x977,,,,Demographics Questionnaire,4,,control,,,,set 1,Controls,ACCEPT,,Controls,No,age_education-text,
13,1704125180143,01/01/2024 16:06:20,1704125180048,0,01/01/2024 16:06:20,155541,10,questionnaire-4eaj,,33904387,BLIND,10035810,,complete,,,computer,Desktop or Laptop,Mac OS 10.15.7,Safari 16.6,810x1080,810x977,,,,Demographics Questionnaire,4,,control,,,,set 1,Controls,ACCEPT,,Controls,No,bilingual,Yes. My strongest language is:
14,1704125180143,01/01/2024 16:06:20,1704125180048,0,01/01/2024 16:06:20,155541,10,questionnaire-4eaj,,33904387,BLIND,10035810,,complete,,,computer,Desktop or Laptop,Mac OS 10.15.7,Safari 16.6,810x1080,810x977,,,,Demographics Questionnaire,4,,control,,,,set 1,Controls,ACCEPT,,Controls,No,bilingual-text,english
15,1704125180143,01/01/2024 16:06:20,1704125180048,0,01/01/2024 16:06:20,155541,10,questionnaire-4eaj,,33904387,BLIND,10035810,,complete,,,computer,Desktop or Laptop,Mac OS 10.15.7,Safari 16.6,810x1080,810x977,,,,Demographics Questionnaire,4,,control,,,,set 1,Controls,ACCEPT,,Controls,No,END QUESTIONNAIRE,30772
1,1703939958429,30/12/2023 12:39:18,1703939958348,0,30/12/2023 12:39:18,155541,10,questionnaire-4eaj,,33895460,BLIND,10031076,,complete,,,computer,Desktop or Laptop,Mac OS 10.15.7,Chrome 119.0.0.0,1440x900,1440x783,,,,Demographics Questionnaire,4,,adhd,set 2,,,,Neurodiverse,,ACCEPT,Neurodiverse,No,BEGIN QUESTIONNAIRE,
2,1703939989295,30/12/2023 12:39:49,1703939989274,0,30/12/2023 12:39:49,155541,10,questionnaire-4eaj,,33895460,BLIND,10031076,,complete,,,computer,Desktop or Laptop,Mac OS 10.15.7,Chrome 119.0.0.0,1440x900,1440x783,,,,Demographics Questionnaire,4,,adhd,set 2,,,,Neurodiverse,,ACCEPT,Neurodiverse,No,Age,19
3,1703939989347,30/12/2023 12:39:49,1703939989275,0,30/12/2023 12:39:49,155541,10,questionnaire-4eaj,,33895460,BLIND,10031076,,complete,,,computer,Desktop or Laptop,Mac OS 10.15.7,Chrome 119.0.0.0,1440x900,1440x783,,,,Demographics Questionnaire,4,,adhd,set 2,,,,Neurodiverse,,ACCEPT,Neurodiverse,No,Gender,Woman
4,1703939989347,30/12/2023 12:39:49,1703939989275,0,30/12/2023 12:39:49,155541,10,questionnaire-4eaj,,33895460,BLIND,10031076,,complete,,,computer,Desktop or Laptop,Mac OS 10.15.7,Chrome 119.0.0.0,1440x900,1440x783,,,,Demographics Questionnaire,4,,adhd,set 2,,,,Neurodiverse,,ACCEPT,Neurodiverse,No,Gender-quantised,2
5,1703939989347,30/12/2023 12:39:49,1703939989275,0,30/12/2023 12:39:49,155541,10,questionnaire-4eaj,,33895460,BLIND,10031076,,complete,,,computer,Desktop or Laptop,Mac OS 10.15.7,Chrome 119.0.0.0,1440x900,1440x783,,,,Demographics Questionnaire,4,,adhd,set 2,,,,Neurodiverse,,ACCEPT,Neurodiverse,No,Gender-text,
6,1703939989347,30/12/2023 12:39:49,1703939989275,0,30/12/2023 12:39:49,155541,10,questionnaire-4eaj,,33895460,BLIND,10031076,,complete,,,computer,Desktop or Laptop,Mac OS 10.15.7,Chrome 119.0.0.0,1440x900,1440x783,,,,Demographics Questionnaire,4,,adhd,set 2,,,,Neurodiverse,,ACCEPT,Neurodiverse,No,footedness,Right
7,1703939989347,30/12/2023 12:39:49,1703939989275,0,30/12/2023 12:39:49,155541,10,questionnaire-4eaj,,33895460,BLIND,10031076,,complete,,,computer,Desktop or Laptop,Mac OS 10.15.7,Chrome 119.0.0.0,1440x900,1440x783,,,,Demographics Questionnaire,4,,adhd,set 2,,,,Neurodiverse,,ACCEPT,Neurodiverse,No,footedness-quantised,2
8,1703939989347,30/12/2023 12:39:49,1703939989275,0,30/12/2023 12:39:49,155541,10,questionnaire-4eaj,,33895460,BLIND,10031076,,complete,,,computer,Desktop or Laptop,Mac OS 10.15.7,Chrome 119.0.0.0,1440x900,1440x783,,,,Demographics Questionnaire,4,,adhd,set 2,,,,Neurodiverse,,ACCEPT,Neurodiverse,No,categorical_hand,Right
9,1703939989347,30/12/2023 12:39:49,1703939989275,0,30/12/2023 12:39:49,155541,10,questionnaire-4eaj,,33895460,BLIND,10031076,,complete,,,computer,Desktop or Laptop,Mac OS 10.15.7,Chrome 119.0.0.0,1440x900,1440x783,,,,Demographics Questionnaire,4,,adhd,set 2,,,,Neurodiverse,,ACCEPT,Neurodiverse,No,categorical_hand-quantised,2
10,1703939989347,30/12/2023 12:39:49,1703939989275,0,30/12/2023 12:39:49,155541,10,questionnaire-4eaj,,33895460,BLIND,10031076,,complete,,,computer,Desktop or Laptop,Mac OS 10.15.7,Chrome 119.0.0.0,1440x900,1440x783,,,,Demographics Questionnaire,4,,adhd,set 2,,,,Neurodiverse,,ACCEPT,Neurodiverse,No,age_education,Yes
11,1703939989347,30/12/2023 12:39:49,1703939989276,0,30/12/2023 12:39:49,155541,10,questionnaire-4eaj,,33895460,BLIND,10031076,,complete,,,computer,Desktop or Laptop,Mac OS 10.15.7,Chrome 119.0.0.0,1440x900,1440x783,,,,Demographics Questionnaire,4,,adhd,set 2,,,,Neurodiverse,,ACCEPT,Neurodiverse,No,age_education-quantised,1
12,1703939989347,30/12/2023 12:39:49,1703939989276,0,30/12/2023 12:39:49,155541,10,questionnaire-4eaj,,33895460,BLIND,10031076,,complete,,,computer,Desktop or Laptop,Mac OS 10.15.7,Chrome 119.0.0.0,1440x900,1440x783,,,,Demographics Questionnaire,4,,adhd,set 2,,,,Neurodiverse,,ACCEPT,Neurodiverse,No,age_education-text,
13,1703939989347,30/12/2023 12:39:49,1703939989276,0,30/12/2023 12:39:49,155541,10,questionnaire-4eaj,,33895460,BLIND,10031076,,complete,,,computer,Desktop or Laptop,Mac OS 10.15.7,Chrome 119.0.0.0,1440x900,1440x783,,,,Demographics Questionnaire,4,,adhd,set 2,,,,Neurodiverse,,ACCEPT,Neurodiverse,No,bilingual,Yes. My strongest language is:
14,1703939989347,30/12/2023 12:39:49,1703939989276,0,30/12/2023 12:39:49,155541,10,questionnaire-4eaj,,33895460,BLIND,10031076,,complete,,,computer,Desktop or Laptop,Mac OS 10.15.7,Chrome 119.0.0.0,1440x900,1440x783,,,,Demographics Questionnaire,4,,adhd,set 2,,,,Neurodiverse,,ACCEPT,Neurodiverse,No,bilingual-text,Cantonese 
15,1703939989347,30/12/2023 12:39:49,1703939989276,0,30/12/2023 12:39:49,155541,10,questionnaire-4eaj,,33895460,BLIND,10031076,,complete,,,computer,Desktop or Laptop,Mac OS 10.15.7,Chrome 119.0.0.0,1440x900,1440x783,,,,Demographics Questionnaire,4,,adhd,set 2,,,,Neurodiverse,,ACCEPT,Neurodiverse,No,END QUESTIONNAIRE,30928
1,1704134256101,01/01/2024 18:37:36,1704134255851,1,01/01/2024 19:37:35,155541,10,questionnaire-4eaj,,33904925,BLIND,10036010,,complete,,,computer,Desktop or Laptop,Mac OS 10.15.7,Safari 16.6,1024x1366,1366x914,,,,Demographics Questionnaire,4,,control,,,,set 2,Controls,ACCEPT,,Controls,No,BEGIN QUESTIONNAIRE,
2,1704134276106,01/01/2024 18:37:56,1704134275911,1,01/01/2024 19:37:55,155541,10,questionnaire-4eaj,,33904925,BLIND,10036010,,complete,,,computer,Desktop or Laptop,Mac OS 10.15.7,Safari 16.6,1024x1366,1366x914,,,,Demographics Questionnaire,4,,control,,,,set 2,Controls,ACCEPT,,Controls,No,Age,19
3,1704134276216,01/01/2024 18:37:56,1704134275913,1,01/01/2024 19:37:55,155541,10,questionnaire-4eaj,,33904925,BLIND,10036010,,complete,,,computer,Desktop or Laptop,Mac OS 10.15.7,Safari 16.6,1024x1366,1366x914,,,,Demographics Questionnaire,4,,control,,,,set 2,Controls,ACCEPT,,Controls,No,Gender,Woman
4,1704134276216,01/01/2024 18:37:56,1704134275913,1,01/01/2024 19:37:55,155541,10,questionnaire-4eaj,,33904925,BLIND,10036010,,complete,,,computer,Desktop or Laptop,Mac OS 10.15.7,Safari 16.6,1024x1366,1366x914,,,,Demographics Questionnaire,4,,control,,,,set 2,Controls,ACCEPT,,Controls,No,Gender-quantised,2
5,1704134276216,01/01/2024 18:37:56,1704134275913,1,01/01/2024 19:37:55,155541,10,questionnaire-4eaj,,33904925,BLIND,10036010,,complete,,,computer,Desktop or Laptop,Mac OS 10.15.7,Safari 16.6,1024x1366,1366x914,,,,Demographics Questionnaire,4,,control,,,,set 2,Controls,ACCEPT,,Controls,No,Gender-text,
6,1704134276216,01/01/2024 18:37:56,1704134275913,1,01/01/2024 19:37:55,155541,10,questionnaire-4eaj,,33904925,BLIND,10036010,,complete,,,computer,Desktop or Laptop,Mac OS 10.15.7,Safari 16.6,1024x1366,1366x914,,,,Demographics Questionnaire,4,,control,,,,set 2,Controls,ACCEPT,,Controls,No,footedness,Left
7,1704134276216,01/01/2024 18:37:56,1704134275913,1,01/01/2024 19:37:55,155541,10,questionnaire-4eaj,,33904925,BLIND,10036010,,complete,,,computer,Desktop or Laptop,Mac OS 10.15.7,Safari 16.6,1024x1366,1366x914,,,,Demographics Questionnaire,4,,control,,,,set 2,Controls,ACCEPT,,Controls,No,footedness-quantised,1
8,1704134276216,01/01/2024 18:37:56,1704134275913,1,01/01/2024 19:37:55,155541,10,questionnaire-4eaj,,33904925,BLIND,10036010,,complete,,,computer,Desktop or Laptop,Mac OS 10.15.7,Safari 16.6,1024x1366,1366x914,,,,Demographics Questionnaire,4,,control,,,,set 2,Controls,ACCEPT,,Controls,No,categorical_hand,Right
9,1704134276216,01/01/2024 18:37:56,1704134275913,1,01/01/2024 19:37:55,155541,10,questionnaire-4eaj,,33904925,BLIND,10036010,,complete,,,computer,Desktop or Laptop,Mac OS 10.15.7,Safari 16.6,1024x1366,1366x914,,,,Demographics Questionnaire,4,,control,,,,set 2,Controls,ACCEPT,,Controls,No,categorical_hand-quantised,2
10,1704134276216,01/01/2024 18:37:56,1704134275913,1,01/01/2024 19:37:55,155541,10,questionnaire-4eaj,,33904925,BLIND,10036010,,complete,,,computer,Desktop or Laptop,Mac OS 10.15.7,Safari 16.6,1024x1366,1366x914,,,,Demographics Questionnaire,4,,control,,,,set 2,Controls,ACCEPT,,Controls,No,age_education,Yes
11,1704134276216,01/01/2024 18:37:56,1704134275913,1,01/01/2024 19:37:55,155541,10,questionnaire-4eaj,,33904925,BLIND,10036010,,complete,,,computer,Desktop or Laptop,Mac OS 10.15.7,Safari 16.6,1024x1366,1366x914,,,,Demographics Questionnaire,4,,control,,,,set 2,Controls,ACCEPT,,Controls,No,age_education-quantised,1
12,1704134276216,01/01/2024 18:37:56,1704134275913,1,01/01/2024 19:37:55,155541,10,questionnaire-4eaj,,33904925,BLIND,10036010,,complete,,,computer,Desktop or Laptop,Mac OS 10.15.7,Safari 16.6,1024x1366,1366x914,,,,Demographics Questionnaire,4,,control,,,,set 2,Controls,ACCEPT,,Controls,No,age_education-text,
13,1704134276216,01/01/2024 18:37:56,1704134275913,1,01/01/2024 19:37:55,155541,10,questionnaire-4eaj,,33904925,BLIND,10036010,,complete,,,computer,Desktop or Laptop,Mac OS 10.15.7,Safari 16.6,1024x1366,1366x914,,,,Demographics Questionnaire,4,,control,,,,set 2,Controls,ACCEPT,,Controls,No,bilingual,Yes. My strongest language is:
14,1704134276216,01/01/2024 18:37:56,1704134275913,1,01/01/2024 19:37:55,155541,10,questionnaire-4eaj,,33904925,BLIND,10036010,,complete,,,computer,Desktop or Laptop,Mac OS 10.15.7,Safari 16.6,1024x1366,1366x914,,,,Demographics Questionnaire,4,,control,,,,set 2,Controls,ACCEPT,,Controls,No,bilingual-text,english
15,1704134276216,01/01/2024 18:37:56,1704134275913,1,01/01/2024 19:37:55,155541,10,questionnaire-4eaj,,33904925,BLIND,10036010,,complete,,,computer,Desktop or Laptop,Mac OS 10.15.7,Safari 16.6,1024x1366,1366x914,,,,Demographics Questionnaire,4,,control,,,,set 2,Controls,ACCEPT,,Controls,No,END QUESTIONNAIRE,20062
1,1704141388884,01/01/2024 20:36:28,1704141388684,0,01/01/2024 20:36:28,155541,10,questionnaire-4eaj,,33905288,BLIND,10036128,,complete,,,computer,Desktop or Laptop,Mac OS 10.15.7,Safari 16.6,1470x956,1470x840,,,,Demographics Questionnaire,4,,control,,,,set 2,Controls,ACCEPT,,Controls,No,BEGIN QUESTIONNAIRE,
2,1704141410994,01/01/2024 20:36:50,1704141410847,0,01/01/2024 20:36:50,155541,10,questionnaire-4eaj,,33905288,BLIND,10036128,,complete,,,computer,Desktop or Laptop,Mac OS 10.15.7,Safari 16.6,1470x956,1470x840,,,,Demographics Questionnaire,4,,control,,,,set 2,Controls,ACCEPT,,Controls,No,Age,18
3,1704141411057,01/01/2024 20:36:51,1704141410850,0,01/01/2024 20:36:50,155541,10,questionnaire-4eaj,,33905288,BLIND,10036128,,complete,,,computer,Desktop or Laptop,Mac OS 10.15.7,Safari 16.6,1470x956,1470x840,,,,Demographics Questionnaire,4,,control,,,,set 2,Controls,ACCEPT,,Controls,No,Gender,Woman
4,1704141411057,01/01/2024 20:36:51,1704141410850,0,01/01/2024 20:36:50,155541,10,questionnaire-4eaj,,33905288,BLIND,10036128,,complete,,,computer,Desktop or Laptop,Mac OS 10.15.7,Safari 16.6,1470x956,1470x840,,,,Demographics Questionnaire,4,,control,,,,set 2,Controls,ACCEPT,,Controls,No,Gender-quantised,2
5,1704141411057,01/01/2024 20:36:51,1704141410850,0,01/01/2024 20:36:50,155541,10,questionnaire-4eaj,,33905288,BLIND,10036128,,complete,,,computer,Desktop or Laptop,Mac OS 10.15.7,Safari 16.6,1470x956,1470x840,,,,Demographics Questionnaire,4,,control,,,,set 2,Controls,ACCEPT,,Controls,No,Gender-text,
6,1704141411057,01/01/2024 20:36:51,1704141410850,0,01/01/2024 20:36:50,155541,10,questionnaire-4eaj,,33905288,BLIND,10036128,,complete,,,computer,Desktop or Laptop,Mac OS 10.15.7,Safari 16.6,1470x956,1470x840,,,,Demographics Questionnaire,4,,control,,,,set 2,Controls,ACCEPT,,Controls,No,footedness,Right
7,1704141411057,01/01/2024 20:36:51,1704141410850,0,01/01/2024 20:36:50,155541,10,questionnaire-4eaj,,33905288,BLIND,10036128,,complete,,,computer,Desktop or Laptop,Mac OS 10.15.7,Safari 16.6,1470x956,1470x840,,,,Demographics Questionnaire,4,,control,,,,set 2,Controls,ACCEPT,,Controls,No,footedness-quantised,2
8,1704141411057,01/01/2024 20:36:51,1704141410851,0,01/01/2024 20:36:50,155541,10,questionnaire-4eaj,,33905288,BLIND,10036128,,complete,,,computer,Desktop or Laptop,Mac OS 10.15.7,Safari 16.6,1470x956,1470x840,,,,Demographics Questionnaire,4,,control,,,,set 2,Controls,ACCEPT,,Controls,No,categorical_hand,Right
9,1704141411057,01/01/2024 20:36:51,1704141410851,0,01/01/2024 20:36:50,155541,10,questionnaire-4eaj,,33905288,BLIND,10036128,,complete,,,computer,Desktop or Laptop,Mac OS 10.15.7,Safari 16.6,1470x956,1470x840,,,,Demographics Questionnaire,4,,control,,,,set 2,Controls,ACCEPT,,Controls,No,categorical_hand-quantised,2
10,1704141411057,01/01/2024 20:36:51,1704141410851,0,01/01/2024 20:36:50,155541,10,questionnaire-4eaj,,33905288,BLIND,10036128,,complete,,,computer,Desktop or Laptop,Mac OS 10.15.7,Safari 16.6,1470x956,1470x840,,,,Demographics Questionnaire,4,,control,,,,set 2,Controls,ACCEPT,,Controls,No,age_education,Yes
11,1704141411057,01/01/2024 20:36:51,1704141410851,0,01/01/2024 20:36:50,155541,10,questionnaire-4eaj,,33905288,BLIND,10036128,,complete,,,computer,Desktop or Laptop,Mac OS 10.15.7,Safari 16.6,1470x956,1470x840,,,,Demographics Questionnaire,4,,control,,,,set 2,Controls,ACCEPT,,Controls,No,age_education-quantised,1
12,1704141411057,01/01/2024 20:36:51,1704141410851,0,01/01/2024 20:36:50,155541,10,questionnaire-4eaj,,33905288,BLIND,10036128,,complete,,,computer,Desktop or Laptop,Mac OS 10.15.7,Safari 16.6,1470x956,1470x840,,,,Demographics Questionnaire,4,,control,,,,set 2,Controls,ACCEPT,,Controls,No,age_education-text,
13,1704141411057,01/01/2024 20:36:51,1704141410851,0,01/01/2024 20:36:50,155541,10,questionnaire-4eaj,,33905288,BLIND,10036128,,complete,,,computer,Desktop or Laptop,Mac OS 10.15.7,Safari 16.6,1470x956,1470x840,,,,Demographics Questionnaire,4,,control,,,,set 2,Controls,ACCEPT,,Controls,No,bilingual,No
14,1704141411057,01/01/2024 20:36:51,1704141410851,0,01/01/2024 20:36:50,155541,10,questionnaire-4eaj,,33905288,BLIND,10036128,,complete,,,computer,Desktop or Laptop,Mac OS 10.15.7,Safari 16.6,1470x956,1470x840,,,,Demographics Questionnaire,4,,control,,,,set 2,Controls,ACCEPT,,Controls,No,bilingual-quantised,1
15,1704141411057,01/01/2024 20:36:51,1704141410851,0,01/01/2024 20:36:50,155541,10,questionnaire-4eaj,,33905288,BLIND,10036128,,complete,,,computer,Desktop or Laptop,Mac OS 10.15.7,Safari 16.6,1470x956,1470x840,,,,Demographics Questionnaire,4,,control,,,,set 2,Controls,ACCEPT,,Controls,No,bilingual-text,
16,1704141411057,01/01/2024 20:36:51,1704141410851,0,01/01/2024 20:36:50,155541,10,questionnaire-4eaj,,33905288,BLIND,10036128,,complete,,,computer,Desktop or Laptop,Mac OS 10.15.7,Safari 16.6,1470x956,1470x840,,,,Demographics Questionnaire,4,,control,,,,set 2,Controls,ACCEPT,,Controls,No,END QUESTIONNAIRE,22167
1,1704142281079,01/01/2024 20:51:21,1704142366770,0,01/01/2024 20:52:46,155541,10,questionnaire-4eaj,,33905376,BLIND,10036163,,complete,,,computer,Desktop or Laptop,Windows 10,Chrome 120.0.0.0,1280x720,1280x585,,,,Demographics Questionnaire,4,,control,,,,set 1,Controls,ACCEPT,,Controls,No,BEGIN QUESTIONNAIRE,
2,1704142331058,01/01/2024 20:52:11,1704142416590,0,01/01/2024 20:53:36,155541,10,questionnaire-4eaj,,33905376,BLIND,10036163,,complete,,,computer,Desktop or Laptop,Windows 10,Chrome 120.0.0.0,1280x720,1263x585,,,,Demographics Questionnaire,4,,control,,,,set 1,Controls,ACCEPT,,Controls,No,Age,18
3,1704142331162,01/01/2024 20:52:11,1704142416592,0,01/01/2024 20:53:36,155541,10,questionnaire-4eaj,,33905376,BLIND,10036163,,complete,,,computer,Desktop or Laptop,Windows 10,Chrome 120.0.0.0,1280x720,1263x585,,,,Demographics Questionnaire,4,,control,,,,set 1,Controls,ACCEPT,,Controls,No,Gender,Woman
4,1704142331162,01/01/2024 20:52:11,1704142416592,0,01/01/2024 20:53:36,155541,10,questionnaire-4eaj,,33905376,BLIND,10036163,,complete,,,computer,Desktop or Laptop,Windows 10,Chrome 120.0.0.0,1280x720,1263x585,,,,Demographics Questionnaire,4,,control,,,,set 1,Controls,ACCEPT,,Controls,No,Gender-quantised,2
5,1704142331162,01/01/2024 20:52:11,1704142416592,0,01/01/2024 20:53:36,155541,10,questionnaire-4eaj,,33905376,BLIND,10036163,,complete,,,computer,Desktop or Laptop,Windows 10,Chrome 120.0.0.0,1280x720,1263x585,,,,Demographics Questionnaire,4,,control,,,,set 1,Controls,ACCEPT,,Controls,No,Gender-text,
6,1704142331162,01/01/2024 20:52:11,1704142416593,0,01/01/2024 20:53:36,155541,10,questionnaire-4eaj,,33905376,BLIND,10036163,,complete,,,computer,Desktop or Laptop,Windows 10,Chrome 120.0.0.0,1280x720,1263x585,,,,Demographics Questionnaire,4,,control,,,,set 1,Controls,ACCEPT,,Controls,No,footedness,Right
7,1704142331162,01/01/2024 20:52:11,1704142416593,0,01/01/2024 20:53:36,155541,10,questionnaire-4eaj,,33905376,BLIND,10036163,,complete,,,computer,Desktop or Laptop,Windows 10,Chrome 120.0.0.0,1280x720,1263x585,,,,Demographics Questionnaire,4,,control,,,,set 1,Controls,ACCEPT,,Controls,No,footedness-quantised,2
8,1704142331162,01/01/2024 20:52:11,1704142416593,0,01/01/2024 20:53:36,155541,10,questionnaire-4eaj,,33905376,BLIND,10036163,,complete,,,computer,Desktop or Laptop,Windows 10,Chrome 120.0.0.0,1280x720,1263x585,,,,Demographics Questionnaire,4,,control,,,,set 1,Controls,ACCEPT,,Controls,No,categorical_hand,Right
9,1704142331162,01/01/2024 20:52:11,1704142416594,0,01/01/2024 20:53:36,155541,10,questionnaire-4eaj,,33905376,BLIND,10036163,,complete,,,computer,Desktop or Laptop,Windows 10,Chrome 120.0.0.0,1280x720,1263x585,,,,Demographics Questionnaire,4,,control,,,,set 1,Controls,ACCEPT,,Controls,No,categorical_hand-quantised,2
10,1704142331162,01/01/2024 20:52:11,1704142416594,0,01/01/2024 20:53:36,155541,10,questionnaire-4eaj,,33905376,BLIND,10036163,,complete,,,computer,Desktop or Laptop,Windows 10,Chrome 120.0.0.0,1280x720,1263x585,,,,Demographics Questionnaire,4,,control,,,,set 1,Controls,ACCEPT,,Controls,No,age_education,Yes
11,1704142331162,01/01/2024 20:52:11,1704142416594,0,01/01/2024 20:53:36,155541,10,questionnaire-4eaj,,33905376,BLIND,10036163,,complete,,,computer,Desktop or Laptop,Windows 10,Chrome 120.0.0.0,1280x720,1263x585,,,,Demographics Questionnaire,4,,control,,,,set 1,Controls,ACCEPT,,Controls,No,age_education-quantised,1
12,1704142331162,01/01/2024 20:52:11,1704142416594,0,01/01/2024 20:53:36,155541,10,questionnaire-4eaj,,33905376,BLIND,10036163,,complete,,,computer,Desktop or Laptop,Windows 10,Chrome 120.0.0.0,1280x720,1263x585,,,,Demographics Questionnaire,4,,control,,,,set 1,Controls,ACCEPT,,Controls,No,age_education-text,
13,1704142331162,01/01/2024 20:52:11,1704142416594,0,01/01/2024 20:53:36,155541,10,questionnaire-4eaj,,33905376,BLIND,10036163,,complete,,,computer,Desktop or Laptop,Windows 10,Chrome 120.0.0.0,1280x720,1263x585,,,,Demographics Questionnaire,4,,control,,,,set 1,Controls,ACCEPT,,Controls,No,bilingual,No
14,1704142331162,01/01/2024 20:52:11,1704142416595,0,01/01/2024 20:53:36,155541,10,questionnaire-4eaj,,33905376,BLIND,10036163,,complete,,,computer,Desktop or Laptop,Windows 10,Chrome 120.0.0.0,1280x720,1263x585,,,,Demographics Questionnaire,4,,control,,,,set 1,Controls,ACCEPT,,Controls,No,bilingual-quantised,1
15,1704142331162,01/01/2024 20:52:11,1704142416595,0,01/01/2024 20:53:36,155541,10,questionnaire-4eaj,,33905376,BLIND,10036163,,complete,,,computer,Desktop or Laptop,Windows 10,Chrome 120.0.0.0,1280x720,1263x585,,,,Demographics Questionnaire,4,,control,,,,set 1,Controls,ACCEPT,,Controls,No,bilingual-text,
16,1704142331162,01/01/2024 20:52:11,1704142416595,0,01/01/2024 20:53:36,155541,10,questionnaire-4eaj,,33905376,BLIND,10036163,,complete,,,computer,Desktop or Laptop,Windows 10,Chrome 120.0.0.0,1280x720,1263x585,,,,Demographics Questionnaire,4,,control,,,,set 1,Controls,ACCEPT,,Controls,No,END QUESTIONNAIRE,49825
1,1704201218333,02/01/2024 13:13:38,1704201221519,0,02/01/2024 13:13:41,155541,10,questionnaire-4eaj,,33912501,BLIND,10037472,,complete,,,computer,Desktop or Laptop,Windows 10,Chrome 120.0.0.0,1536x864,1536x695,,,,Demographics Questionnaire,4,,control,,,,set 1,Controls,ACCEPT,,Controls,No,BEGIN QUESTIONNAIRE,
2,1704201261605,02/01/2024 13:14:21,1704201264800,0,02/01/2024 13:14:24,155541,10,questionnaire-4eaj,,33912501,BLIND,10037472,,complete,,,computer,Desktop or Laptop,Windows 10,Chrome 120.0.0.0,1536x864,1519x695,,,,Demographics Questionnaire,4,,control,,,,set 1,Controls,ACCEPT,,Controls,No,Age,18
3,1704201261684,02/01/2024 13:14:21,1704201264803,0,02/01/2024 13:14:24,155541,10,questionnaire-4eaj,,33912501,BLIND,10037472,,complete,,,computer,Desktop or Laptop,Windows 10,Chrome 120.0.0.0,1536x864,1519x695,,,,Demographics Questionnaire,4,,control,,,,set 1,Controls,ACCEPT,,Controls,No,Gender,Other (please specify)
4,1704201261684,02/01/2024 13:14:21,1704201264803,0,02/01/2024 13:14:24,155541,10,questionnaire-4eaj,,33912501,BLIND,10037472,,complete,,,computer,Desktop or Laptop,Windows 10,Chrome 120.0.0.0,1536x864,1519x695,,,,Demographics Questionnaire,4,,control,,,,set 1,Controls,ACCEPT,,Controls,No,Gender-text,Genderfluid
5,1704201261684,02/01/2024 13:14:21,1704201264803,0,02/01/2024 13:14:24,155541,10,questionnaire-4eaj,,33912501,BLIND,10037472,,complete,,,computer,Desktop or Laptop,Windows 10,Chrome 120.0.0.0,1536x864,1519x695,,,,Demographics Questionnaire,4,,control,,,,set 1,Controls,ACCEPT,,Controls,No,footedness,Right
6,1704201261684,02/01/2024 13:14:21,1704201264804,0,02/01/2024 13:14:24,155541,10,questionnaire-4eaj,,33912501,BLIND,10037472,,complete,,,computer,Desktop or Laptop,Windows 10,Chrome 120.0.0.0,1536x864,1519x695,,,,Demographics Questionnaire,4,,control,,,,set 1,Controls,ACCEPT,,Controls,No,footedness-quantised,2
7,1704201261684,02/01/2024 13:14:21,1704201264804,0,02/01/2024 13:14:24,155541,10,questionnaire-4eaj,,33912501,BLIND,10037472,,complete,,,computer,Desktop or Laptop,Windows 10,Chrome 120.0.0.0,1536x864,1519x695,,,,Demographics Questionnaire,4,,control,,,,set 1,Controls,ACCEPT,,Controls,No,categorical_hand,Right
8,1704201261684,02/01/2024 13:14:21,1704201264804,0,02/01/2024 13:14:24,155541,10,questionnaire-4eaj,,33912501,BLIND,10037472,,complete,,,computer,Desktop or Laptop,Windows 10,Chrome 120.0.0.0,1536x864,1519x695,,,,Demographics Questionnaire,4,,control,,,,set 1,Controls,ACCEPT,,Controls,No,categorical_hand-quantised,2
9,1704201261684,02/01/2024 13:14:21,1704201264804,0,02/01/2024 13:14:24,155541,10,questionnaire-4eaj,,33912501,BLIND,10037472,,complete,,,computer,Desktop or Laptop,Windows 10,Chrome 120.0.0.0,1536x864,1519x695,,,,Demographics Questionnaire,4,,control,,,,set 1,Controls,ACCEPT,,Controls,No,age_education,Yes
10,1704201261684,02/01/2024 13:14:21,1704201264805,0,02/01/2024 13:14:24,155541,10,questionnaire-4eaj,,33912501,BLIND,10037472,,complete,,,computer,Desktop or Laptop,Windows 10,Chrome 120.0.0.0,1536x864,1519x695,,,,Demographics Questionnaire,4,,control,,,,set 1,Controls,ACCEPT,,Controls,No,age_education-quantised,1
11,1704201261684,02/01/2024 13:14:21,1704201264805,0,02/01/2024 13:14:24,155541,10,questionnaire-4eaj,,33912501,BLIND,10037472,,complete,,,computer,Desktop or Laptop,Windows 10,Chrome 120.0.0.0,1536x864,1519x695,,,,Demographics Questionnaire,4,,control,,,,set 1,Controls,ACCEPT,,Controls,No,age_education-text,
12,1704201261684,02/01/2024 13:14:21,1704201264805,0,02/01/2024 13:14:24,155541,10,questionnaire-4eaj,,33912501,BLIND,10037472,,complete,,,computer,Desktop or Laptop,Windows 10,Chrome 120.0.0.0,1536x864,1519x695,,,,Demographics Questionnaire,4,,control,,,,set 1,Controls,ACCEPT,,Controls,No,bilingual,Yes. My strongest language is:
13,1704201261684,02/01/2024 13:14:21,1704201264806,0,02/01/2024 13:14:24,155541,10,questionnaire-4eaj,,33912501,BLIND,10037472,,complete,,,computer,Desktop or Laptop,Windows 10,Chrome 120.0.0.0,1536x864,1519x695,,,,Demographics Questionnaire,4,,control,,,,set 1,Controls,ACCEPT,,Controls,No,bilingual-text,English
14,1704201261684,02/01/2024 13:14:21,1704201264806,0,02/01/2024 13:14:24,155541,10,questionnaire-4eaj,,33912501,BLIND,10037472,,complete,,,computer,Desktop or Laptop,Windows 10,Chrome 120.0.0.0,1536x864,1519x695,,,,Demographics Questionnaire,4,,control,,,,set 1,Controls,ACCEPT,,Controls,No,END QUESTIONNAIRE,43287
1,1704275694348,03/01/2024 09:54:54,1704275694247,0,03/01/2024 09:54:54,155541,10,questionnaire-4eaj,,33927246,BLIND,10040847,,complete,,,computer,Desktop or Laptop,Windows 10,Chrome 120.0.0.0,1536x864,1536x695,,,,Demographics Questionnaire,4,,control,,,,set 2,Controls,ACCEPT,,Controls,No,BEGIN QUESTIONNAIRE,
2,1704276203533,03/01/2024 10:03:23,1704276203086,0,03/01/2024 10:03:23,155541,10,questionnaire-4eaj,,33927246,BLIND,10040847,,complete,,,computer,Desktop or Laptop,Windows 10,Chrome 120.0.0.0,1536x864,1519x695,,,,Demographics Questionnaire,4,,control,,,,set 2,Controls,ACCEPT,,Controls,No,Age,20
3,1704276203614,03/01/2024 10:03:23,1704276203089,0,03/01/2024 10:03:23,155541,10,questionnaire-4eaj,,33927246,BLIND,10040847,,complete,,,computer,Desktop or Laptop,Windows 10,Chrome 120.0.0.0,1536x864,1519x695,,,,Demographics Questionnaire,4,,control,,,,set 2,Controls,ACCEPT,,Controls,No,Gender,Man
4,1704276203614,03/01/2024 10:03:23,1704276203090,0,03/01/2024 10:03:23,155541,10,questionnaire-4eaj,,33927246,BLIND,10040847,,complete,,,computer,Desktop or Laptop,Windows 10,Chrome 120.0.0.0,1536x864,1519x695,,,,Demographics Questionnaire,4,,control,,,,set 2,Controls,ACCEPT,,Controls,No,Gender-quantised,1
5,1704276203614,03/01/2024 10:03:23,1704276203090,0,03/01/2024 10:03:23,155541,10,questionnaire-4eaj,,33927246,BLIND,10040847,,complete,,,computer,Desktop or Laptop,Windows 10,Chrome 120.0.0.0,1536x864,1519x695,,,,Demographics Questionnaire,4,,control,,,,set 2,Controls,ACCEPT,,Controls,No,Gender-text,
6,1704276203614,03/01/2024 10:03:23,1704276203090,0,03/01/2024 10:03:23,155541,10,questionnaire-4eaj,,33927246,BLIND,10040847,,complete,,,computer,Desktop or Laptop,Windows 10,Chrome 120.0.0.0,1536x864,1519x695,,,,Demographics Questionnaire,4,,control,,,,set 2,Controls,ACCEPT,,Controls,No,footedness,Left
7,1704276203614,03/01/2024 10:03:23,1704276203090,0,03/01/2024 10:03:23,155541,10,questionnaire-4eaj,,33927246,BLIND,10040847,,complete,,,computer,Desktop or Laptop,Windows 10,Chrome 120.0.0.0,1536x864,1519x695,,,,Demographics Questionnaire,4,,control,,,,set 2,Controls,ACCEPT,,Controls,No,footedness-quantised,1
8,1704276203614,03/01/2024 10:03:23,1704276203091,0,03/01/2024 10:03:23,155541,10,questionnaire-4eaj,,33927246,BLIND,10040847,,complete,,,computer,Desktop or Laptop,Windows 10,Chrome 120.0.0.0,1536x864,1519x695,,,,Demographics Questionnaire,4,,control,,,,set 2,Controls,ACCEPT,,Controls,No,categorical_hand,Don't know / No preference
9,1704276203614,03/01/2024 10:03:23,1704276203091,0,03/01/2024 10:03:23,155541,10,questionnaire-4eaj,,33927246,BLIND,10040847,,complete,,,computer,Desktop or Laptop,Windows 10,Chrome 120.0.0.0,1536x864,1519x695,,,,Demographics Questionnaire,4,,control,,,,set 2,Controls,ACCEPT,,Controls,No,categorical_hand-quantised,3
10,1704276203614,03/01/2024 10:03:23,1704276203091,0,03/01/2024 10:03:23,155541,10,questionnaire-4eaj,,33927246,BLIND,10040847,,complete,,,computer,Desktop or Laptop,Windows 10,Chrome 120.0.0.0,1536x864,1519x695,,,,Demographics Questionnaire,4,,control,,,,set 2,Controls,ACCEPT,,Controls,No,age_education,Yes
11,1704276203614,03/01/2024 10:03:23,1704276203092,0,03/01/2024 10:03:23,155541,10,questionnaire-4eaj,,33927246,BLIND,10040847,,complete,,,computer,Desktop or Laptop,Windows 10,Chrome 120.0.0.0,1536x864,1519x695,,,,Demographics Questionnaire,4,,control,,,,set 2,Controls,ACCEPT,,Controls,No,age_education-quantised,1
12,1704276203614,03/01/2024 10:03:23,1704276203092,0,03/01/2024 10:03:23,155541,10,questionnaire-4eaj,,33927246,BLIND,10040847,,complete,,,computer,Desktop or Laptop,Windows 10,Chrome 120.0.0.0,1536x864,1519x695,,,,Demographics Questionnaire,4,,control,,,,set 2,Controls,ACCEPT,,Controls,No,age_education-text,
13,1704276203614,03/01/2024 10:03:23,1704276203093,0,03/01/2024 10:03:23,155541,10,questionnaire-4eaj,,33927246,BLIND,10040847,,complete,,,computer,Desktop or Laptop,Windows 10,Chrome 120.0.0.0,1536x864,1519x695,,,,Demographics Questionnaire,4,,control,,,,set 2,Controls,ACCEPT,,Controls,No,bilingual,Yes. My strongest language is:
14,1704276203614,03/01/2024 10:03:23,1704276203093,0,03/01/2024 10:03:23,155541,10,questionnaire-4eaj,,33927246,BLIND,10040847,,complete,,,computer,Desktop or Laptop,Windows 10,Chrome 120.0.0.0,1536x864,1519x695,,,,Demographics Questionnaire,4,,control,,,,set 2,Controls,ACCEPT,,Controls,No,bilingual-text,Urdu
15,1704276203614,03/01/2024 10:03:23,1704276203094,0,03/01/2024 10:03:23,155541,10,questionnaire-4eaj,,33927246,BLIND,10040847,,complete,,,computer,Desktop or Laptop,Windows 10,Chrome 120.0.0.0,1536x864,1519x695,,,,Demographics Questionnaire,4,,control,,,,set 2,Controls,ACCEPT,,Controls,No,END QUESTIONNAIRE,508847
1,1704286874392,03/01/2024 13:01:14,1704286903326,0,03/01/2024 13:01:43,155541,10,questionnaire-4eaj,,33928958,BLIND,10041411,,complete,,,computer,Desktop or Laptop,Windows 10,Chrome 118.0.0.0,1536x864,1536x739,,,,Demographics Questionnaire,4,,adhd,set 1,,,,Neurodiverse,,ACCEPT,Neurodiverse,No,BEGIN QUESTIONNAIRE,
2,1704286894665,03/01/2024 13:01:34,1704286923657,0,03/01/2024 13:02:03,155541,10,questionnaire-4eaj,,33928958,BLIND,10041411,,complete,,,computer,Desktop or Laptop,Windows 10,Chrome 118.0.0.0,1536x864,1519x739,,,,Demographics Questionnaire,4,,adhd,set 1,,,,Neurodiverse,,ACCEPT,Neurodiverse,No,Age,18
3,1704286894724,03/01/2024 13:01:34,1704286923659,0,03/01/2024 13:02:03,155541,10,questionnaire-4eaj,,33928958,BLIND,10041411,,complete,,,computer,Desktop or Laptop,Windows 10,Chrome 118.0.0.0,1536x864,1519x739,,,,Demographics Questionnaire,4,,adhd,set 1,,,,Neurodiverse,,ACCEPT,Neurodiverse,No,Gender,Woman
4,1704286894724,03/01/2024 13:01:34,1704286923659,0,03/01/2024 13:02:03,155541,10,questionnaire-4eaj,,33928958,BLIND,10041411,,complete,,,computer,Desktop or Laptop,Windows 10,Chrome 118.0.0.0,1536x864,1519x739,,,,Demographics Questionnaire,4,,adhd,set 1,,,,Neurodiverse,,ACCEPT,Neurodiverse,No,Gender-quantised,2
5,1704286894724,03/01/2024 13:01:34,1704286923659,0,03/01/2024 13:02:03,155541,10,questionnaire-4eaj,,33928958,BLIND,10041411,,complete,,,computer,Desktop or Laptop,Windows 10,Chrome 118.0.0.0,1536x864,1519x739,,,,Demographics Questionnaire,4,,adhd,set 1,,,,Neurodiverse,,ACCEPT,Neurodiverse,No,Gender-text,
6,1704286894724,03/01/2024 13:01:34,1704286923659,0,03/01/2024 13:02:03,155541,10,questionnaire-4eaj,,33928958,BLIND,10041411,,complete,,,computer,Desktop or Laptop,Windows 10,Chrome 118.0.0.0,1536x864,1519x739,,,,Demographics Questionnaire,4,,adhd,set 1,,,,Neurodiverse,,ACCEPT,Neurodiverse,No,footedness,Left
7,1704286894724,03/01/2024 13:01:34,1704286923659,0,03/01/2024 13:02:03,155541,10,questionnaire-4eaj,,33928958,BLIND,10041411,,complete,,,computer,Desktop or Laptop,Windows 10,Chrome 118.0.0.0,1536x864,1519x739,,,,Demographics Questionnaire,4,,adhd,set 1,,,,Neurodiverse,,ACCEPT,Neurodiverse,No,footedness-quantised,1
8,1704286894724,03/01/2024 13:01:34,1704286923659,0,03/01/2024 13:02:03,155541,10,questionnaire-4eaj,,33928958,BLIND,10041411,,complete,,,computer,Desktop or Laptop,Windows 10,Chrome 118.0.0.0,1536x864,1519x739,,,,Demographics Questionnaire,4,,adhd,set 1,,,,Neurodiverse,,ACCEPT,Neurodiverse,No,categorical_hand,Right
9,1704286894724,03/01/2024 13:01:34,1704286923660,0,03/01/2024 13:02:03,155541,10,questionnaire-4eaj,,33928958,BLIND,10041411,,complete,,,computer,Desktop or Laptop,Windows 10,Chrome 118.0.0.0,1536x864,1519x739,,,,Demographics Questionnaire,4,,adhd,set 1,,,,Neurodiverse,,ACCEPT,Neurodiverse,No,categorical_hand-quantised,2
10,1704286894724,03/01/2024 13:01:34,1704286923660,0,03/01/2024 13:02:03,155541,10,questionnaire-4eaj,,33928958,BLIND,10041411,,complete,,,computer,Desktop or Laptop,Windows 10,Chrome 118.0.0.0,1536x864,1519x739,,,,Demographics Questionnaire,4,,adhd,set 1,,,,Neurodiverse,,ACCEPT,Neurodiverse,No,age_education,Yes
11,1704286894724,03/01/2024 13:01:34,1704286923660,0,03/01/2024 13:02:03,155541,10,questionnaire-4eaj,,33928958,BLIND,10041411,,complete,,,computer,Desktop or Laptop,Windows 10,Chrome 118.0.0.0,1536x864,1519x739,,,,Demographics Questionnaire,4,,adhd,set 1,,,,Neurodiverse,,ACCEPT,Neurodiverse,No,age_education-quantised,1
12,1704286894724,03/01/2024 13:01:34,1704286923660,0,03/01/2024 13:02:03,155541,10,questionnaire-4eaj,,33928958,BLIND,10041411,,complete,,,computer,Desktop or Laptop,Windows 10,Chrome 118.0.0.0,1536x864,1519x739,,,,Demographics Questionnaire,4,,adhd,set 1,,,,Neurodiverse,,ACCEPT,Neurodiverse,No,age_education-text,
13,1704286894724,03/01/2024 13:01:34,1704286923660,0,03/01/2024 13:02:03,155541,10,questionnaire-4eaj,,33928958,BLIND,10041411,,complete,,,computer,Desktop or Laptop,Windows 10,Chrome 118.0.0.0,1536x864,1519x739,,,,Demographics Questionnaire,4,,adhd,set 1,,,,Neurodiverse,,ACCEPT,Neurodiverse,No,bilingual,No
14,1704286894724,03/01/2024 13:01:34,1704286923661,0,03/01/2024 13:02:03,155541,10,questionnaire-4eaj,,33928958,BLIND,10041411,,complete,,,computer,Desktop or Laptop,Windows 10,Chrome 118.0.0.0,1536x864,1519x739,,,,Demographics Questionnaire,4,,adhd,set 1,,,,Neurodiverse,,ACCEPT,Neurodiverse,No,bilingual-quantised,1
15,1704286894724,03/01/2024 13:01:34,1704286923661,0,03/01/2024 13:02:03,155541,10,questionnaire-4eaj,,33928958,BLIND,10041411,,complete,,,computer,Desktop or Laptop,Windows 10,Chrome 118.0.0.0,1536x864,1519x739,,,,Demographics Questionnaire,4,,adhd,set 1,,,,Neurodiverse,,ACCEPT,Neurodiverse,No,bilingual-text,
16,1704286894724,03/01/2024 13:01:34,1704286923661,0,03/01/2024 13:02:03,155541,10,questionnaire-4eaj,,33928958,BLIND,10041411,,complete,,,computer,Desktop or Laptop,Windows 10,Chrome 118.0.0.0,1536x864,1519x739,,,,Demographics Questionnaire,4,,adhd,set 1,,,,Neurodiverse,,ACCEPT,Neurodiverse,No,END QUESTIONNAIRE,20335
1,1704290348940,03/01/2024 13:59:08,1704290344338,0,03/01/2024 13:59:04,155541,10,questionnaire-4eaj,,33929672,BLIND,10041619,,complete,,,computer,Desktop or Laptop,Windows 10,Firefox 121.0,1920x1080,1920x947,,,,Demographics Questionnaire,4,,asd,,set 2,,,Neurodiverse,,ACCEPT,Neurodiverse,No,BEGIN QUESTIONNAIRE,
2,1704290372249,03/01/2024 13:59:32,1704290367725,0,03/01/2024 13:59:27,155541,10,questionnaire-4eaj,,33929672,BLIND,10041619,,complete,,,computer,Desktop or Laptop,Windows 10,Firefox 121.0,1920x1080,1920x947,,,,Demographics Questionnaire,4,,asd,,set 2,,,Neurodiverse,,ACCEPT,Neurodiverse,No,Age,20
3,1704290372338,03/01/2024 13:59:32,1704290367726,0,03/01/2024 13:59:27,155541,10,questionnaire-4eaj,,33929672,BLIND,10041619,,complete,,,computer,Desktop or Laptop,Windows 10,Firefox 121.0,1920x1080,1920x947,,,,Demographics Questionnaire,4,,asd,,set 2,,,Neurodiverse,,ACCEPT,Neurodiverse,No,Gender,Woman
4,1704290372338,03/01/2024 13:59:32,1704290367726,0,03/01/2024 13:59:27,155541,10,questionnaire-4eaj,,33929672,BLIND,10041619,,complete,,,computer,Desktop or Laptop,Windows 10,Firefox 121.0,1920x1080,1920x947,,,,Demographics Questionnaire,4,,asd,,set 2,,,Neurodiverse,,ACCEPT,Neurodiverse,No,Gender-quantised,2
5,1704290372338,03/01/2024 13:59:32,1704290367726,0,03/01/2024 13:59:27,155541,10,questionnaire-4eaj,,33929672,BLIND,10041619,,complete,,,computer,Desktop or Laptop,Windows 10,Firefox 121.0,1920x1080,1920x947,,,,Demographics Questionnaire,4,,asd,,set 2,,,Neurodiverse,,ACCEPT,Neurodiverse,No,Gender-text,
6,1704290372338,03/01/2024 13:59:32,1704290367726,0,03/01/2024 13:59:27,155541,10,questionnaire-4eaj,,33929672,BLIND,10041619,,complete,,,computer,Desktop or Laptop,Windows 10,Firefox 121.0,1920x1080,1920x947,,,,Demographics Questionnaire,4,,asd,,set 2,,,Neurodiverse,,ACCEPT,Neurodiverse,No,footedness,Right
7,1704290372338,03/01/2024 13:59:32,1704290367726,0,03/01/2024 13:59:27,155541,10,questionnaire-4eaj,,33929672,BLIND,10041619,,complete,,,computer,Desktop or Laptop,Windows 10,Firefox 121.0,1920x1080,1920x947,,,,Demographics Questionnaire,4,,asd,,set 2,,,Neurodiverse,,ACCEPT,Neurodiverse,No,footedness-quantised,2
8,1704290372338,03/01/2024 13:59:32,1704290367726,0,03/01/2024 13:59:27,155541,10,questionnaire-4eaj,,33929672,BLIND,10041619,,complete,,,computer,Desktop or Laptop,Windows 10,Firefox 121.0,1920x1080,1920x947,,,,Demographics Questionnaire,4,,asd,,set 2,,,Neurodiverse,,ACCEPT,Neurodiverse,No,categorical_hand,Right
9,1704290372338,03/01/2024 13:59:32,1704290367726,0,03/01/2024 13:59:27,155541,10,questionnaire-4eaj,,33929672,BLIND,10041619,,complete,,,computer,Desktop or Laptop,Windows 10,Firefox 121.0,1920x1080,1920x947,,,,Demographics Questionnaire,4,,asd,,set 2,,,Neurodiverse,,ACCEPT,Neurodiverse,No,categorical_hand-quantised,2
10,1704290372338,03/01/2024 13:59:32,1704290367726,0,03/01/2024 13:59:27,155541,10,questionnaire-4eaj,,33929672,BLIND,10041619,,complete,,,computer,Desktop or Laptop,Windows 10,Firefox 121.0,1920x1080,1920x947,,,,Demographics Questionnaire,4,,asd,,set 2,,,Neurodiverse,,ACCEPT,Neurodiverse,No,age_education,Yes
11,1704290372338,03/01/2024 13:59:32,1704290367726,0,03/01/2024 13:59:27,155541,10,questionnaire-4eaj,,33929672,BLIND,10041619,,complete,,,computer,Desktop or Laptop,Windows 10,Firefox 121.0,1920x1080,1920x947,,,,Demographics Questionnaire,4,,asd,,set 2,,,Neurodiverse,,ACCEPT,Neurodiverse,No,age_education-quantised,1
12,1704290372338,03/01/2024 13:59:32,1704290367727,0,03/01/2024 13:59:27,155541,10,questionnaire-4eaj,,33929672,BLIND,10041619,,complete,,,computer,Desktop or Laptop,Windows 10,Firefox 121.0,1920x1080,1920x947,,,,Demographics Questionnaire,4,,asd,,set 2,,,Neurodiverse,,ACCEPT,Neurodiverse,No,age_education-text,
13,1704290372338,03/01/2024 13:59:32,1704290367727,0,03/01/2024 13:59:27,155541,10,questionnaire-4eaj,,33929672,BLIND,10041619,,complete,,,computer,Desktop or Laptop,Windows 10,Firefox 121.0,1920x1080,1920x947,,,,Demographics Questionnaire,4,,asd,,set 2,,,Neurodiverse,,ACCEPT,Neurodiverse,No,bilingual,No
14,1704290372338,03/01/2024 13:59:32,1704290367727,0,03/01/2024 13:59:27,155541,10,questionnaire-4eaj,,33929672,BLIND,10041619,,complete,,,computer,Desktop or Laptop,Windows 10,Firefox 121.0,1920x1080,1920x947,,,,Demographics Questionnaire,4,,asd,,set 2,,,Neurodiverse,,ACCEPT,Neurodiverse,No,bilingual-quantised,1
15,1704290372338,03/01/2024 13:59:32,1704290367727,0,03/01/2024 13:59:27,155541,10,questionnaire-4eaj,,33929672,BLIND,10041619,,complete,,,computer,Desktop or Laptop,Windows 10,Firefox 121.0,1920x1080,1920x947,,,,Demographics Questionnaire,4,,asd,,set 2,,,Neurodiverse,,ACCEPT,Neurodiverse,No,bilingual-text,
16,1704290372338,03/01/2024 13:59:32,1704290367727,0,03/01/2024 13:59:27,155541,10,questionnaire-4eaj,,33929672,BLIND,10041619,,complete,,,computer,Desktop or Laptop,Windows 10,Firefox 121.0,1920x1080,1920x947,,,,Demographics Questionnaire,4,,asd,,set 2,,,Neurodiverse,,ACCEPT,Neurodiverse,No,END QUESTIONNAIRE,23389
1,1704291996996,03/01/2024 14:26:36,1704291985335,0,03/01/2024 14:26:25,155541,10,questionnaire-4eaj,,33929982,BLIND,10041696,,complete,,,computer,Desktop or Laptop,Windows 10,Edge 120.0.0.0,1366x768,1318x646,,,,Demographics Questionnaire,4,,control,,,,set 1,Controls,ACCEPT,,Controls,No,BEGIN QUESTIONNAIRE,
2,1704292016603,03/01/2024 14:26:56,1704292005056,0,03/01/2024 14:26:45,155541,10,questionnaire-4eaj,,33929982,BLIND,10041696,,complete,,,computer,Desktop or Laptop,Windows 10,Edge 120.0.0.0,1366x768,1303x646,,,,Demographics Questionnaire,4,,control,,,,set 1,Controls,ACCEPT,,Controls,No,Age,18
3,1704292016682,03/01/2024 14:26:56,1704292005059,0,03/01/2024 14:26:45,155541,10,questionnaire-4eaj,,33929982,BLIND,10041696,,complete,,,computer,Desktop or Laptop,Windows 10,Edge 120.0.0.0,1366x768,1303x646,,,,Demographics Questionnaire,4,,control,,,,set 1,Controls,ACCEPT,,Controls,No,Gender,Man
4,1704292016682,03/01/2024 14:26:56,1704292005059,0,03/01/2024 14:26:45,155541,10,questionnaire-4eaj,,33929982,BLIND,10041696,,complete,,,computer,Desktop or Laptop,Windows 10,Edge 120.0.0.0,1366x768,1303x646,,,,Demographics Questionnaire,4,,control,,,,set 1,Controls,ACCEPT,,Controls,No,Gender-quantised,1
5,1704292016682,03/01/2024 14:26:56,1704292005059,0,03/01/2024 14:26:45,155541,10,questionnaire-4eaj,,33929982,BLIND,10041696,,complete,,,computer,Desktop or Laptop,Windows 10,Edge 120.0.0.0,1366x768,1303x646,,,,Demographics Questionnaire,4,,control,,,,set 1,Controls,ACCEPT,,Controls,No,Gender-text,
6,1704292016682,03/01/2024 14:26:56,1704292005059,0,03/01/2024 14:26:45,155541,10,questionnaire-4eaj,,33929982,BLIND,10041696,,complete,,,computer,Desktop or Laptop,Windows 10,Edge 120.0.0.0,1366x768,1303x646,,,,Demographics Questionnaire,4,,control,,,,set 1,Controls,ACCEPT,,Controls,No,footedness,Right
7,1704292016682,03/01/2024 14:26:56,1704292005060,0,03/01/2024 14:26:45,155541,10,questionnaire-4eaj,,33929982,BLIND,10041696,,complete,,,computer,Desktop or Laptop,Windows 10,Edge 120.0.0.0,1366x768,1303x646,,,,Demographics Questionnaire,4,,control,,,,set 1,Controls,ACCEPT,,Controls,No,footedness-quantised,2
8,1704292016682,03/01/2024 14:26:56,1704292005060,0,03/01/2024 14:26:45,155541,10,questionnaire-4eaj,,33929982,BLIND,10041696,,complete,,,computer,Desktop or Laptop,Windows 10,Edge 120.0.0.0,1366x768,1303x646,,,,Demographics Questionnaire,4,,control,,,,set 1,Controls,ACCEPT,,Controls,No,categorical_hand,Right
9,1704292016682,03/01/2024 14:26:56,1704292005060,0,03/01/2024 14:26:45,155541,10,questionnaire-4eaj,,33929982,BLIND,10041696,,complete,,,computer,Desktop or Laptop,Windows 10,Edge 120.0.0.0,1366x768,1303x646,,,,Demographics Questionnaire,4,,control,,,,set 1,Controls,ACCEPT,,Controls,No,categorical_hand-quantised,2
10,1704292016682,03/01/2024 14:26:56,1704292005060,0,03/01/2024 14:26:45,155541,10,questionnaire-4eaj,,33929982,BLIND,10041696,,complete,,,computer,Desktop or Laptop,Windows 10,Edge 120.0.0.0,1366x768,1303x646,,,,Demographics Questionnaire,4,,control,,,,set 1,Controls,ACCEPT,,Controls,No,age_education,Yes
11,1704292016682,03/01/2024 14:26:56,1704292005061,0,03/01/2024 14:26:45,155541,10,questionnaire-4eaj,,33929982,BLIND,10041696,,complete,,,computer,Desktop or Laptop,Windows 10,Edge 120.0.0.0,1366x768,1303x646,,,,Demographics Questionnaire,4,,control,,,,set 1,Controls,ACCEPT,,Controls,No,age_education-quantised,1
12,1704292016682,03/01/2024 14:26:56,1704292005061,0,03/01/2024 14:26:45,155541,10,questionnaire-4eaj,,33929982,BLIND,10041696,,complete,,,computer,Desktop or Laptop,Windows 10,Edge 120.0.0.0,1366x768,1303x646,,,,Demographics Questionnaire,4,,control,,,,set 1,Controls,ACCEPT,,Controls,No,age_education-text,
13,1704292016682,03/01/2024 14:26:56,1704292005061,0,03/01/2024 14:26:45,155541,10,questionnaire-4eaj,,33929982,BLIND,10041696,,complete,,,computer,Desktop or Laptop,Windows 10,Edge 120.0.0.0,1366x768,1303x646,,,,Demographics Questionnaire,4,,control,,,,set 1,Controls,ACCEPT,,Controls,No,bilingual,No
14,1704292016682,03/01/2024 14:26:56,1704292005061,0,03/01/2024 14:26:45,155541,10,questionnaire-4eaj,,33929982,BLIND,10041696,,complete,,,computer,Desktop or Laptop,Windows 10,Edge 120.0.0.0,1366x768,1303x646,,,,Demographics Questionnaire,4,,control,,,,set 1,Controls,ACCEPT,,Controls,No,bilingual-quantised,1
15,1704292016682,03/01/2024 14:26:56,1704292005062,0,03/01/2024 14:26:45,155541,10,questionnaire-4eaj,,33929982,BLIND,10041696,,complete,,,computer,Desktop or Laptop,Windows 10,Edge 120.0.0.0,1366x768,1303x646,,,,Demographics Questionnaire,4,,control,,,,set 1,Controls,ACCEPT,,Controls,No,bilingual-text,
16,1704292016682,03/01/2024 14:26:56,1704292005062,0,03/01/2024 14:26:45,155541,10,questionnaire-4eaj,,33929982,BLIND,10041696,,complete,,,computer,Desktop or Laptop,Windows 10,Edge 120.0.0.0,1366x768,1303x646,,,,Demographics Questionnaire,4,,control,,,,set 1,Controls,ACCEPT,,Controls,No,END QUESTIONNAIRE,19727
1,1704360950105,04/01/2024 09:35:50,1704360950001,0,04/01/2024 09:35:50,155541,10,questionnaire-4eaj,,33941254,BLIND,10046029,,complete,,,computer,Desktop or Laptop,Windows 10,Edge 120.0.0.0,1366x768,1318x654,,,,Demographics Questionnaire,4,,control,,,,set 2,Controls,ACCEPT,,Controls,No,BEGIN QUESTIONNAIRE,
2,1704360968310,04/01/2024 09:36:08,1704360968278,0,04/01/2024 09:36:08,155541,10,questionnaire-4eaj,,33941254,BLIND,10046029,,complete,,,computer,Desktop or Laptop,Windows 10,Edge 120.0.0.0,1366x768,1303x654,,,,Demographics Questionnaire,4,,control,,,,set 2,Controls,ACCEPT,,Controls,No,Age,19
3,1704360968393,04/01/2024 09:36:08,1704360968283,0,04/01/2024 09:36:08,155541,10,questionnaire-4eaj,,33941254,BLIND,10046029,,complete,,,computer,Desktop or Laptop,Windows 10,Edge 120.0.0.0,1366x768,1303x654,,,,Demographics Questionnaire,4,,control,,,,set 2,Controls,ACCEPT,,Controls,No,Gender,Woman
4,1704360968393,04/01/2024 09:36:08,1704360968284,0,04/01/2024 09:36:08,155541,10,questionnaire-4eaj,,33941254,BLIND,10046029,,complete,,,computer,Desktop or Laptop,Windows 10,Edge 120.0.0.0,1366x768,1303x654,,,,Demographics Questionnaire,4,,control,,,,set 2,Controls,ACCEPT,,Controls,No,Gender-quantised,2
5,1704360968393,04/01/2024 09:36:08,1704360968284,0,04/01/2024 09:36:08,155541,10,questionnaire-4eaj,,33941254,BLIND,10046029,,complete,,,computer,Desktop or Laptop,Windows 10,Edge 120.0.0.0,1366x768,1303x654,,,,Demographics Questionnaire,4,,control,,,,set 2,Controls,ACCEPT,,Controls,No,Gender-text,
6,1704360968393,04/01/2024 09:36:08,1704360968284,0,04/01/2024 09:36:08,155541,10,questionnaire-4eaj,,33941254,BLIND,10046029,,complete,,,computer,Desktop or Laptop,Windows 10,Edge 120.0.0.0,1366x768,1303x654,,,,Demographics Questionnaire,4,,control,,,,set 2,Controls,ACCEPT,,Controls,No,footedness,Right
7,1704360968393,04/01/2024 09:36:08,1704360968284,0,04/01/2024 09:36:08,155541,10,questionnaire-4eaj,,33941254,BLIND,10046029,,complete,,,computer,Desktop or Laptop,Windows 10,Edge 120.0.0.0,1366x768,1303x654,,,,Demographics Questionnaire,4,,control,,,,set 2,Controls,ACCEPT,,Controls,No,footedness-quantised,2
8,1704360968393,04/01/2024 09:36:08,1704360968285,0,04/01/2024 09:36:08,155541,10,questionnaire-4eaj,,33941254,BLIND,10046029,,complete,,,computer,Desktop or Laptop,Windows 10,Edge 120.0.0.0,1366x768,1303x654,,,,Demographics Questionnaire,4,,control,,,,set 2,Controls,ACCEPT,,Controls,No,categorical_hand,Right
9,1704360968393,04/01/2024 09:36:08,1704360968285,0,04/01/2024 09:36:08,155541,10,questionnaire-4eaj,,33941254,BLIND,10046029,,complete,,,computer,Desktop or Laptop,Windows 10,Edge 120.0.0.0,1366x768,1303x654,,,,Demographics Questionnaire,4,,control,,,,set 2,Controls,ACCEPT,,Controls,No,categorical_hand-quantised,2
10,1704360968393,04/01/2024 09:36:08,1704360968285,0,04/01/2024 09:36:08,155541,10,questionnaire-4eaj,,33941254,BLIND,10046029,,complete,,,computer,Desktop or Laptop,Windows 10,Edge 120.0.0.0,1366x768,1303x654,,,,Demographics Questionnaire,4,,control,,,,set 2,Controls,ACCEPT,,Controls,No,age_education,Yes
11,1704360968393,04/01/2024 09:36:08,1704360968286,0,04/01/2024 09:36:08,155541,10,questionnaire-4eaj,,33941254,BLIND,10046029,,complete,,,computer,Desktop or Laptop,Windows 10,Edge 120.0.0.0,1366x768,1303x654,,,,Demographics Questionnaire,4,,control,,,,set 2,Controls,ACCEPT,,Controls,No,age_education-quantised,1
12,1704360968393,04/01/2024 09:36:08,1704360968287,0,04/01/2024 09:36:08,155541,10,questionnaire-4eaj,,33941254,BLIND,10046029,,complete,,,computer,Desktop or Laptop,Windows 10,Edge 120.0.0.0,1366x768,1303x654,,,,Demographics Questionnaire,4,,control,,,,set 2,Controls,ACCEPT,,Controls,No,age_education-text,
13,1704360968393,04/01/2024 09:36:08,1704360968287,0,04/01/2024 09:36:08,155541,10,questionnaire-4eaj,,33941254,BLIND,10046029,,complete,,,computer,Desktop or Laptop,Windows 10,Edge 120.0.0.0,1366x768,1303x654,,,,Demographics Questionnaire,4,,control,,,,set 2,Controls,ACCEPT,,Controls,No,bilingual,No
14,1704360968393,04/01/2024 09:36:08,1704360968288,0,04/01/2024 09:36:08,155541,10,questionnaire-4eaj,,33941254,BLIND,10046029,,complete,,,computer,Desktop or Laptop,Windows 10,Edge 120.0.0.0,1366x768,1303x654,,,,Demographics Questionnaire,4,,control,,,,set 2,Controls,ACCEPT,,Controls,No,bilingual-quantised,1
15,1704360968393,04/01/2024 09:36:08,1704360968288,0,04/01/2024 09:36:08,155541,10,questionnaire-4eaj,,33941254,BLIND,10046029,,complete,,,computer,Desktop or Laptop,Windows 10,Edge 120.0.0.0,1366x768,1303x654,,,,Demographics Questionnaire,4,,control,,,,set 2,Controls,ACCEPT,,Controls,No,bilingual-text,
16,1704360968393,04/01/2024 09:36:08,1704360968289,0,04/01/2024 09:36:08,155541,10,questionnaire-4eaj,,33941254,BLIND,10046029,,complete,,,computer,Desktop or Laptop,Windows 10,Edge 120.0.0.0,1366x768,1303x654,,,,Demographics Questionnaire,4,,control,,,,set 2,Controls,ACCEPT,,Controls,No,END QUESTIONNAIRE,18288
1,1704469913737,05/01/2024 15:51:53,1704469913631,0,05/01/2024 15:51:53,155541,10,questionnaire-4eaj,,33978634,BLIND,10053358,,complete,,,computer,Desktop or Laptop,Windows 10,Edge 120.0.0.0,1536x864,1488x708,,,,Demographics Questionnaire,4,,control,,,,set 2,Controls,ACCEPT,,Controls,No,BEGIN QUESTIONNAIRE,
2,1704469941891,05/01/2024 15:52:21,1704469941822,0,05/01/2024 15:52:21,155541,10,questionnaire-4eaj,,33978634,BLIND,10053358,,complete,,,computer,Desktop or Laptop,Windows 10,Edge 120.0.0.0,1536x864,1473x708,,,,Demographics Questionnaire,4,,control,,,,set 2,Controls,ACCEPT,,Controls,No,Age,18
3,1704469941948,05/01/2024 15:52:21,1704469941823,0,05/01/2024 15:52:21,155541,10,questionnaire-4eaj,,33978634,BLIND,10053358,,complete,,,computer,Desktop or Laptop,Windows 10,Edge 120.0.0.0,1536x864,1473x708,,,,Demographics Questionnaire,4,,control,,,,set 2,Controls,ACCEPT,,Controls,No,Gender,Woman
4,1704469941948,05/01/2024 15:52:21,1704469941823,0,05/01/2024 15:52:21,155541,10,questionnaire-4eaj,,33978634,BLIND,10053358,,complete,,,computer,Desktop or Laptop,Windows 10,Edge 120.0.0.0,1536x864,1473x708,,,,Demographics Questionnaire,4,,control,,,,set 2,Controls,ACCEPT,,Controls,No,Gender-quantised,2
5,1704469941948,05/01/2024 15:52:21,1704469941823,0,05/01/2024 15:52:21,155541,10,questionnaire-4eaj,,33978634,BLIND,10053358,,complete,,,computer,Desktop or Laptop,Windows 10,Edge 120.0.0.0,1536x864,1473x708,,,,Demographics Questionnaire,4,,control,,,,set 2,Controls,ACCEPT,,Controls,No,Gender-text,
6,1704469941948,05/01/2024 15:52:21,1704469941823,0,05/01/2024 15:52:21,155541,10,questionnaire-4eaj,,33978634,BLIND,10053358,,complete,,,computer,Desktop or Laptop,Windows 10,Edge 120.0.0.0,1536x864,1473x708,,,,Demographics Questionnaire,4,,control,,,,set 2,Controls,ACCEPT,,Controls,No,footedness,Left
7,1704469941948,05/01/2024 15:52:21,1704469941823,0,05/01/2024 15:52:21,155541,10,questionnaire-4eaj,,33978634,BLIND,10053358,,complete,,,computer,Desktop or Laptop,Windows 10,Edge 120.0.0.0,1536x864,1473x708,,,,Demographics Questionnaire,4,,control,,,,set 2,Controls,ACCEPT,,Controls,No,footedness-quantised,1
8,1704469941948,05/01/2024 15:52:21,1704469941823,0,05/01/2024 15:52:21,155541,10,questionnaire-4eaj,,33978634,BLIND,10053358,,complete,,,computer,Desktop or Laptop,Windows 10,Edge 120.0.0.0,1536x864,1473x708,,,,Demographics Questionnaire,4,,control,,,,set 2,Controls,ACCEPT,,Controls,No,categorical_hand,Right
9,1704469941948,05/01/2024 15:52:21,1704469941824,0,05/01/2024 15:52:21,155541,10,questionnaire-4eaj,,33978634,BLIND,10053358,,complete,,,computer,Desktop or Laptop,Windows 10,Edge 120.0.0.0,1536x864,1473x708,,,,Demographics Questionnaire,4,,control,,,,set 2,Controls,ACCEPT,,Controls,No,categorical_hand-quantised,2
10,1704469941948,05/01/2024 15:52:21,1704469941824,0,05/01/2024 15:52:21,155541,10,questionnaire-4eaj,,33978634,BLIND,10053358,,complete,,,computer,Desktop or Laptop,Windows 10,Edge 120.0.0.0,1536x864,1473x708,,,,Demographics Questionnaire,4,,control,,,,set 2,Controls,ACCEPT,,Controls,No,age_education,Yes
11,1704469941948,05/01/2024 15:52:21,1704469941824,0,05/01/2024 15:52:21,155541,10,questionnaire-4eaj,,33978634,BLIND,10053358,,complete,,,computer,Desktop or Laptop,Windows 10,Edge 120.0.0.0,1536x864,1473x708,,,,Demographics Questionnaire,4,,control,,,,set 2,Controls,ACCEPT,,Controls,No,age_education-quantised,1
12,1704469941948,05/01/2024 15:52:21,1704469941824,0,05/01/2024 15:52:21,155541,10,questionnaire-4eaj,,33978634,BLIND,10053358,,complete,,,computer,Desktop or Laptop,Windows 10,Edge 120.0.0.0,1536x864,1473x708,,,,Demographics Questionnaire,4,,control,,,,set 2,Controls,ACCEPT,,Controls,No,age_education-text,
13,1704469941948,05/01/2024 15:52:21,1704469941824,0,05/01/2024 15:52:21,155541,10,questionnaire-4eaj,,33978634,BLIND,10053358,,complete,,,computer,Desktop or Laptop,Windows 10,Edge 120.0.0.0,1536x864,1473x708,,,,Demographics Questionnaire,4,,control,,,,set 2,Controls,ACCEPT,,Controls,No,bilingual,No
14,1704469941948,05/01/2024 15:52:21,1704469941824,0,05/01/2024 15:52:21,155541,10,questionnaire-4eaj,,33978634,BLIND,10053358,,complete,,,computer,Desktop or Laptop,Windows 10,Edge 120.0.0.0,1536x864,1473x708,,,,Demographics Questionnaire,4,,control,,,,set 2,Controls,ACCEPT,,Controls,No,bilingual-quantised,1
15,1704469941948,05/01/2024 15:52:21,1704469941824,0,05/01/2024 15:52:21,155541,10,questionnaire-4eaj,,33978634,BLIND,10053358,,complete,,,computer,Desktop or Laptop,Windows 10,Edge 120.0.0.0,1536x864,1473x708,,,,Demographics Questionnaire,4,,control,,,,set 2,Controls,ACCEPT,,Controls,No,bilingual-text,
16,1704469941948,05/01/2024 15:52:21,1704469941825,0,05/01/2024 15:52:21,155541,10,questionnaire-4eaj,,33978634,BLIND,10053358,,complete,,,computer,Desktop or Laptop,Windows 10,Edge 120.0.0.0,1536x864,1473x708,,,,Demographics Questionnaire,4,,control,,,,set 2,Controls,ACCEPT,,Controls,No,END QUESTIONNAIRE,28194
1,1704480282656,05/01/2024 18:44:42,1704480282242,0,05/01/2024 18:44:42,155541,10,questionnaire-4eaj,,33981000,BLIND,10054018,,complete,,,computer,Desktop or Laptop,Chromium OS 14541.0.0,Chrome 119.0.0.0,1616x909,1616x774,,,,Demographics Questionnaire,4,,asd,,set 2,,,Neurodiverse,,ACCEPT,Neurodiverse,No,BEGIN QUESTIONNAIRE,
2,1704480302875,05/01/2024 18:45:02,1704480302407,0,05/01/2024 18:45:02,155541,10,questionnaire-4eaj,,33981000,BLIND,10054018,,complete,,,computer,Desktop or Laptop,Chromium OS 14541.0.0,Chrome 119.0.0.0,1616x909,1616x774,,,,Demographics Questionnaire,4,,asd,,set 2,,,Neurodiverse,,ACCEPT,Neurodiverse,No,Age,20
3,1704480302961,05/01/2024 18:45:02,1704480302411,0,05/01/2024 18:45:02,155541,10,questionnaire-4eaj,,33981000,BLIND,10054018,,complete,,,computer,Desktop or Laptop,Chromium OS 14541.0.0,Chrome 119.0.0.0,1616x909,1616x774,,,,Demographics Questionnaire,4,,asd,,set 2,,,Neurodiverse,,ACCEPT,Neurodiverse,No,Gender,Woman
4,1704480302961,05/01/2024 18:45:02,1704480302412,0,05/01/2024 18:45:02,155541,10,questionnaire-4eaj,,33981000,BLIND,10054018,,complete,,,computer,Desktop or Laptop,Chromium OS 14541.0.0,Chrome 119.0.0.0,1616x909,1616x774,,,,Demographics Questionnaire,4,,asd,,set 2,,,Neurodiverse,,ACCEPT,Neurodiverse,No,Gender-quantised,2
5,1704480302961,05/01/2024 18:45:02,1704480302413,0,05/01/2024 18:45:02,155541,10,questionnaire-4eaj,,33981000,BLIND,10054018,,complete,,,computer,Desktop or Laptop,Chromium OS 14541.0.0,Chrome 119.0.0.0,1616x909,1616x774,,,,Demographics Questionnaire,4,,asd,,set 2,,,Neurodiverse,,ACCEPT,Neurodiverse,No,Gender-text,
6,1704480302961,05/01/2024 18:45:02,1704480302413,0,05/01/2024 18:45:02,155541,10,questionnaire-4eaj,,33981000,BLIND,10054018,,complete,,,computer,Desktop or Laptop,Chromium OS 14541.0.0,Chrome 119.0.0.0,1616x909,1616x774,,,,Demographics Questionnaire,4,,asd,,set 2,,,Neurodiverse,,ACCEPT,Neurodiverse,No,footedness,Right
7,1704480302961,05/01/2024 18:45:02,1704480302414,0,05/01/2024 18:45:02,155541,10,questionnaire-4eaj,,33981000,BLIND,10054018,,complete,,,computer,Desktop or Laptop,Chromium OS 14541.0.0,Chrome 119.0.0.0,1616x909,1616x774,,,,Demographics Questionnaire,4,,asd,,set 2,,,Neurodiverse,,ACCEPT,Neurodiverse,No,footedness-quantised,2
8,1704480302961,05/01/2024 18:45:02,1704480302414,0,05/01/2024 18:45:02,155541,10,questionnaire-4eaj,,33981000,BLIND,10054018,,complete,,,computer,Desktop or Laptop,Chromium OS 14541.0.0,Chrome 119.0.0.0,1616x909,1616x774,,,,Demographics Questionnaire,4,,asd,,set 2,,,Neurodiverse,,ACCEPT,Neurodiverse,No,categorical_hand,Right
9,1704480302961,05/01/2024 18:45:02,1704480302415,0,05/01/2024 18:45:02,155541,10,questionnaire-4eaj,,33981000,BLIND,10054018,,complete,,,computer,Desktop or Laptop,Chromium OS 14541.0.0,Chrome 119.0.0.0,1616x909,1616x774,,,,Demographics Questionnaire,4,,asd,,set 2,,,Neurodiverse,,ACCEPT,Neurodiverse,No,categorical_hand-quantised,2
10,1704480302961,05/01/2024 18:45:02,1704480302416,0,05/01/2024 18:45:02,155541,10,questionnaire-4eaj,,33981000,BLIND,10054018,,complete,,,computer,Desktop or Laptop,Chromium OS 14541.0.0,Chrome 119.0.0.0,1616x909,1616x774,,,,Demographics Questionnaire,4,,asd,,set 2,,,Neurodiverse,,ACCEPT,Neurodiverse,No,age_education,Yes
11,1704480302961,05/01/2024 18:45:02,1704480302417,0,05/01/2024 18:45:02,155541,10,questionnaire-4eaj,,33981000,BLIND,10054018,,complete,,,computer,Desktop or Laptop,Chromium OS 14541.0.0,Chrome 119.0.0.0,1616x909,1616x774,,,,Demographics Questionnaire,4,,asd,,set 2,,,Neurodiverse,,ACCEPT,Neurodiverse,No,age_education-quantised,1
12,1704480302961,05/01/2024 18:45:02,1704480302417,0,05/01/2024 18:45:02,155541,10,questionnaire-4eaj,,33981000,BLIND,10054018,,complete,,,computer,Desktop or Laptop,Chromium OS 14541.0.0,Chrome 119.0.0.0,1616x909,1616x774,,,,Demographics Questionnaire,4,,asd,,set 2,,,Neurodiverse,,ACCEPT,Neurodiverse,No,age_education-text,
13,1704480302961,05/01/2024 18:45:02,1704480302418,0,05/01/2024 18:45:02,155541,10,questionnaire-4eaj,,33981000,BLIND,10054018,,complete,,,computer,Desktop or Laptop,Chromium OS 14541.0.0,Chrome 119.0.0.0,1616x909,1616x774,,,,Demographics Questionnaire,4,,asd,,set 2,,,Neurodiverse,,ACCEPT,Neurodiverse,No,bilingual,No
14,1704480302961,05/01/2024 18:45:02,1704480302419,0,05/01/2024 18:45:02,155541,10,questionnaire-4eaj,,33981000,BLIND,10054018,,complete,,,computer,Desktop or Laptop,Chromium OS 14541.0.0,Chrome 119.0.0.0,1616x909,1616x774,,,,Demographics Questionnaire,4,,asd,,set 2,,,Neurodiverse,,ACCEPT,Neurodiverse,No,bilingual-quantised,1
15,1704480302961,05/01/2024 18:45:02,1704480302420,0,05/01/2024 18:45:02,155541,10,questionnaire-4eaj,,33981000,BLIND,10054018,,complete,,,computer,Desktop or Laptop,Chromium OS 14541.0.0,Chrome 119.0.0.0,1616x909,1616x774,,,,Demographics Questionnaire,4,,asd,,set 2,,,Neurodiverse,,ACCEPT,Neurodiverse,No,bilingual-text,
16,1704480302961,05/01/2024 18:45:02,1704480302420,0,05/01/2024 18:45:02,155541,10,questionnaire-4eaj,,33981000,BLIND,10054018,,complete,,,computer,Desktop or Laptop,Chromium OS 14541.0.0,Chrome 119.0.0.0,1616x909,1616x774,,,,Demographics Questionnaire,4,,asd,,set 2,,,Neurodiverse,,ACCEPT,Neurodiverse,No,END QUESTIONNAIRE,20178
1,1704620876142,07/01/2024 09:47:56,1704620876007,0,07/01/2024 09:47:56,155541,10,questionnaire-4eaj,,33990977,BLIND,10057183,,complete,,,computer,Desktop or Laptop,Mac OS 10.15.7,Safari 15.6.1,1440x900,1324x710,,,,Demographics Questionnaire,4,,control,,,,set 1,Controls,ACCEPT,,Controls,No,BEGIN QUESTIONNAIRE,
2,1704620910525,07/01/2024 09:48:30,1704620910424,0,07/01/2024 09:48:30,155541,10,questionnaire-4eaj,,33990977,BLIND,10057183,,complete,,,computer,Desktop or Laptop,Mac OS 10.15.7,Safari 15.6.1,1440x900,1324x710,,,,Demographics Questionnaire,4,,control,,,,set 1,Controls,ACCEPT,,Controls,No,Age,18
3,1704620910590,07/01/2024 09:48:30,1704620910426,0,07/01/2024 09:48:30,155541,10,questionnaire-4eaj,,33990977,BLIND,10057183,,complete,,,computer,Desktop or Laptop,Mac OS 10.15.7,Safari 15.6.1,1440x900,1324x710,,,,Demographics Questionnaire,4,,control,,,,set 1,Controls,ACCEPT,,Controls,No,Gender,Woman
4,1704620910590,07/01/2024 09:48:30,1704620910427,0,07/01/2024 09:48:30,155541,10,questionnaire-4eaj,,33990977,BLIND,10057183,,complete,,,computer,Desktop or Laptop,Mac OS 10.15.7,Safari 15.6.1,1440x900,1324x710,,,,Demographics Questionnaire,4,,control,,,,set 1,Controls,ACCEPT,,Controls,No,Gender-quantised,2
5,1704620910590,07/01/2024 09:48:30,1704620910427,0,07/01/2024 09:48:30,155541,10,questionnaire-4eaj,,33990977,BLIND,10057183,,complete,,,computer,Desktop or Laptop,Mac OS 10.15.7,Safari 15.6.1,1440x900,1324x710,,,,Demographics Questionnaire,4,,control,,,,set 1,Controls,ACCEPT,,Controls,No,Gender-text,
6,1704620910590,07/01/2024 09:48:30,1704620910427,0,07/01/2024 09:48:30,155541,10,questionnaire-4eaj,,33990977,BLIND,10057183,,complete,,,computer,Desktop or Laptop,Mac OS 10.15.7,Safari 15.6.1,1440x900,1324x710,,,,Demographics Questionnaire,4,,control,,,,set 1,Controls,ACCEPT,,Controls,No,footedness,Left
7,1704620910590,07/01/2024 09:48:30,1704620910427,0,07/01/2024 09:48:30,155541,10,questionnaire-4eaj,,33990977,BLIND,10057183,,complete,,,computer,Desktop or Laptop,Mac OS 10.15.7,Safari 15.6.1,1440x900,1324x710,,,,Demographics Questionnaire,4,,control,,,,set 1,Controls,ACCEPT,,Controls,No,footedness-quantised,1
8,1704620910590,07/01/2024 09:48:30,1704620910427,0,07/01/2024 09:48:30,155541,10,questionnaire-4eaj,,33990977,BLIND,10057183,,complete,,,computer,Desktop or Laptop,Mac OS 10.15.7,Safari 15.6.1,1440x900,1324x710,,,,Demographics Questionnaire,4,,control,,,,set 1,Controls,ACCEPT,,Controls,No,categorical_hand,Right
9,1704620910590,07/01/2024 09:48:30,1704620910427,0,07/01/2024 09:48:30,155541,10,questionnaire-4eaj,,33990977,BLIND,10057183,,complete,,,computer,Desktop or Laptop,Mac OS 10.15.7,Safari 15.6.1,1440x900,1324x710,,,,Demographics Questionnaire,4,,control,,,,set 1,Controls,ACCEPT,,Controls,No,categorical_hand-quantised,2
10,1704620910590,07/01/2024 09:48:30,1704620910427,0,07/01/2024 09:48:30,155541,10,questionnaire-4eaj,,33990977,BLIND,10057183,,complete,,,computer,Desktop or Laptop,Mac OS 10.15.7,Safari 15.6.1,1440x900,1324x710,,,,Demographics Questionnaire,4,,control,,,,set 1,Controls,ACCEPT,,Controls,No,age_education,Yes
11,1704620910590,07/01/2024 09:48:30,1704620910427,0,07/01/2024 09:48:30,155541,10,questionnaire-4eaj,,33990977,BLIND,10057183,,complete,,,computer,Desktop or Laptop,Mac OS 10.15.7,Safari 15.6.1,1440x900,1324x710,,,,Demographics Questionnaire,4,,control,,,,set 1,Controls,ACCEPT,,Controls,No,age_education-quantised,1
12,1704620910590,07/01/2024 09:48:30,1704620910428,0,07/01/2024 09:48:30,155541,10,questionnaire-4eaj,,33990977,BLIND,10057183,,complete,,,computer,Desktop or Laptop,Mac OS 10.15.7,Safari 15.6.1,1440x900,1324x710,,,,Demographics Questionnaire,4,,control,,,,set 1,Controls,ACCEPT,,Controls,No,age_education-text,
13,1704620910590,07/01/2024 09:48:30,1704620910428,0,07/01/2024 09:48:30,155541,10,questionnaire-4eaj,,33990977,BLIND,10057183,,complete,,,computer,Desktop or Laptop,Mac OS 10.15.7,Safari 15.6.1,1440x900,1324x710,,,,Demographics Questionnaire,4,,control,,,,set 1,Controls,ACCEPT,,Controls,No,bilingual,No
14,1704620910590,07/01/2024 09:48:30,1704620910428,0,07/01/2024 09:48:30,155541,10,questionnaire-4eaj,,33990977,BLIND,10057183,,complete,,,computer,Desktop or Laptop,Mac OS 10.15.7,Safari 15.6.1,1440x900,1324x710,,,,Demographics Questionnaire,4,,control,,,,set 1,Controls,ACCEPT,,Controls,No,bilingual-quantised,1
15,1704620910590,07/01/2024 09:48:30,1704620910428,0,07/01/2024 09:48:30,155541,10,questionnaire-4eaj,,33990977,BLIND,10057183,,complete,,,computer,Desktop or Laptop,Mac OS 10.15.7,Safari 15.6.1,1440x900,1324x710,,,,Demographics Questionnaire,4,,control,,,,set 1,Controls,ACCEPT,,Controls,No,bilingual-text,
16,1704620910590,07/01/2024 09:48:30,1704620910428,0,07/01/2024 09:48:30,155541,10,questionnaire-4eaj,,33990977,BLIND,10057183,,complete,,,computer,Desktop or Laptop,Mac OS 10.15.7,Safari 15.6.1,1440x900,1324x710,,,,Demographics Questionnaire,4,,control,,,,set 1,Controls,ACCEPT,,Controls,No,END QUESTIONNAIRE,34421
1,1704662423317,07/01/2024 21:20:23,1704662423395,0,07/01/2024 21:20:23,155541,10,questionnaire-4eaj,,33995877,BLIND,10058829,,complete,,,computer,Desktop or Laptop,Windows 10,Edge 120.0.0.0,1280x720,1232x564,,,,Demographics Questionnaire,4,,control,,,,set 2,Controls,ACCEPT,,Controls,No,BEGIN QUESTIONNAIRE,
2,1704662446861,07/01/2024 21:20:46,1704662446902,0,07/01/2024 21:20:46,155541,10,questionnaire-4eaj,,33995877,BLIND,10058829,,complete,,,computer,Desktop or Laptop,Windows 10,Edge 120.0.0.0,1280x720,1217x564,,,,Demographics Questionnaire,4,,control,,,,set 2,Controls,ACCEPT,,Controls,No,Age,20
3,1704662446995,07/01/2024 21:20:46,1704662446904,0,07/01/2024 21:20:46,155541,10,questionnaire-4eaj,,33995877,BLIND,10058829,,complete,,,computer,Desktop or Laptop,Windows 10,Edge 120.0.0.0,1280x720,1217x564,,,,Demographics Questionnaire,4,,control,,,,set 2,Controls,ACCEPT,,Controls,No,Gender,Woman
4,1704662446995,07/01/2024 21:20:46,1704662446904,0,07/01/2024 21:20:46,155541,10,questionnaire-4eaj,,33995877,BLIND,10058829,,complete,,,computer,Desktop or Laptop,Windows 10,Edge 120.0.0.0,1280x720,1217x564,,,,Demographics Questionnaire,4,,control,,,,set 2,Controls,ACCEPT,,Controls,No,Gender-quantised,2
5,1704662446995,07/01/2024 21:20:46,1704662446904,0,07/01/2024 21:20:46,155541,10,questionnaire-4eaj,,33995877,BLIND,10058829,,complete,,,computer,Desktop or Laptop,Windows 10,Edge 120.0.0.0,1280x720,1217x564,,,,Demographics Questionnaire,4,,control,,,,set 2,Controls,ACCEPT,,Controls,No,Gender-text,
6,1704662446995,07/01/2024 21:20:46,1704662446904,0,07/01/2024 21:20:46,155541,10,questionnaire-4eaj,,33995877,BLIND,10058829,,complete,,,computer,Desktop or Laptop,Windows 10,Edge 120.0.0.0,1280x720,1217x564,,,,Demographics Questionnaire,4,,control,,,,set 2,Controls,ACCEPT,,Controls,No,footedness,Left
7,1704662446995,07/01/2024 21:20:46,1704662446904,0,07/01/2024 21:20:46,155541,10,questionnaire-4eaj,,33995877,BLIND,10058829,,complete,,,computer,Desktop or Laptop,Windows 10,Edge 120.0.0.0,1280x720,1217x564,,,,Demographics Questionnaire,4,,control,,,,set 2,Controls,ACCEPT,,Controls,No,footedness-quantised,1
8,1704662446995,07/01/2024 21:20:46,1704662446904,0,07/01/2024 21:20:46,155541,10,questionnaire-4eaj,,33995877,BLIND,10058829,,complete,,,computer,Desktop or Laptop,Windows 10,Edge 120.0.0.0,1280x720,1217x564,,,,Demographics Questionnaire,4,,control,,,,set 2,Controls,ACCEPT,,Controls,No,categorical_hand,Left
9,1704662446995,07/01/2024 21:20:46,1704662446904,0,07/01/2024 21:20:46,155541,10,questionnaire-4eaj,,33995877,BLIND,10058829,,complete,,,computer,Desktop or Laptop,Windows 10,Edge 120.0.0.0,1280x720,1217x564,,,,Demographics Questionnaire,4,,control,,,,set 2,Controls,ACCEPT,,Controls,No,categorical_hand-quantised,1
10,1704662446995,07/01/2024 21:20:46,1704662446905,0,07/01/2024 21:20:46,155541,10,questionnaire-4eaj,,33995877,BLIND,10058829,,complete,,,computer,Desktop or Laptop,Windows 10,Edge 120.0.0.0,1280x720,1217x564,,,,Demographics Questionnaire,4,,control,,,,set 2,Controls,ACCEPT,,Controls,No,age_education,Yes
11,1704662446995,07/01/2024 21:20:46,1704662446905,0,07/01/2024 21:20:46,155541,10,questionnaire-4eaj,,33995877,BLIND,10058829,,complete,,,computer,Desktop or Laptop,Windows 10,Edge 120.0.0.0,1280x720,1217x564,,,,Demographics Questionnaire,4,,control,,,,set 2,Controls,ACCEPT,,Controls,No,age_education-quantised,1
12,1704662446995,07/01/2024 21:20:46,1704662446905,0,07/01/2024 21:20:46,155541,10,questionnaire-4eaj,,33995877,BLIND,10058829,,complete,,,computer,Desktop or Laptop,Windows 10,Edge 120.0.0.0,1280x720,1217x564,,,,Demographics Questionnaire,4,,control,,,,set 2,Controls,ACCEPT,,Controls,No,age_education-text,
13,1704662446995,07/01/2024 21:20:46,1704662446905,0,07/01/2024 21:20:46,155541,10,questionnaire-4eaj,,33995877,BLIND,10058829,,complete,,,computer,Desktop or Laptop,Windows 10,Edge 120.0.0.0,1280x720,1217x564,,,,Demographics Questionnaire,4,,control,,,,set 2,Controls,ACCEPT,,Controls,No,bilingual,Yes. My strongest language is:
14,1704662446995,07/01/2024 21:20:46,1704662446905,0,07/01/2024 21:20:46,155541,10,questionnaire-4eaj,,33995877,BLIND,10058829,,complete,,,computer,Desktop or Laptop,Windows 10,Edge 120.0.0.0,1280x720,1217x564,,,,Demographics Questionnaire,4,,control,,,,set 2,Controls,ACCEPT,,Controls,No,bilingual-text,English
15,1704662446995,07/01/2024 21:20:46,1704662446905,0,07/01/2024 21:20:46,155541,10,questionnaire-4eaj,,33995877,BLIND,10058829,,complete,,,computer,Desktop or Laptop,Windows 10,Edge 120.0.0.0,1280x720,1217x564,,,,Demographics Questionnaire,4,,control,,,,set 2,Controls,ACCEPT,,Controls,No,END QUESTIONNAIRE,23510
1,1704710736552,08/01/2024 10:45:36,1704710736450,0,08/01/2024 10:45:36,155541,10,questionnaire-4eaj,,34001900,BLIND,10060293,,complete,,,computer,Desktop or Laptop,Mac OS 10.15.7,Safari 17.1.2,1024x1366,1366x917,,,,Demographics Questionnaire,4,,control,,,,set 1,Controls,ACCEPT,,Controls,No,BEGIN QUESTIONNAIRE,
2,1704710768502,08/01/2024 10:46:08,1704710768418,0,08/01/2024 10:46:08,155541,10,questionnaire-4eaj,,34001900,BLIND,10060293,,complete,,,computer,Desktop or Laptop,Mac OS 10.15.7,Safari 17.1.2,1024x1366,1366x917,,,,Demographics Questionnaire,4,,control,,,,set 1,Controls,ACCEPT,,Controls,No,Age,18
3,1704710768600,08/01/2024 10:46:08,1704710768420,0,08/01/2024 10:46:08,155541,10,questionnaire-4eaj,,34001900,BLIND,10060293,,complete,,,computer,Desktop or Laptop,Mac OS 10.15.7,Safari 17.1.2,1024x1366,1366x917,,,,Demographics Questionnaire,4,,control,,,,set 1,Controls,ACCEPT,,Controls,No,Gender,Woman
4,1704710768600,08/01/2024 10:46:08,1704710768420,0,08/01/2024 10:46:08,155541,10,questionnaire-4eaj,,34001900,BLIND,10060293,,complete,,,computer,Desktop or Laptop,Mac OS 10.15.7,Safari 17.1.2,1024x1366,1366x917,,,,Demographics Questionnaire,4,,control,,,,set 1,Controls,ACCEPT,,Controls,No,Gender-quantised,2
5,1704710768600,08/01/2024 10:46:08,1704710768420,0,08/01/2024 10:46:08,155541,10,questionnaire-4eaj,,34001900,BLIND,10060293,,complete,,,computer,Desktop or Laptop,Mac OS 10.15.7,Safari 17.1.2,1024x1366,1366x917,,,,Demographics Questionnaire,4,,control,,,,set 1,Controls,ACCEPT,,Controls,No,Gender-text,
6,1704710768600,08/01/2024 10:46:08,1704710768420,0,08/01/2024 10:46:08,155541,10,questionnaire-4eaj,,34001900,BLIND,10060293,,complete,,,computer,Desktop or Laptop,Mac OS 10.15.7,Safari 17.1.2,1024x1366,1366x917,,,,Demographics Questionnaire,4,,control,,,,set 1,Controls,ACCEPT,,Controls,No,footedness,Right
7,1704710768600,08/01/2024 10:46:08,1704710768420,0,08/01/2024 10:46:08,155541,10,questionnaire-4eaj,,34001900,BLIND,10060293,,complete,,,computer,Desktop or Laptop,Mac OS 10.15.7,Safari 17.1.2,1024x1366,1366x917,,,,Demographics Questionnaire,4,,control,,,,set 1,Controls,ACCEPT,,Controls,No,footedness-quantised,2
8,1704710768600,08/01/2024 10:46:08,1704710768421,0,08/01/2024 10:46:08,155541,10,questionnaire-4eaj,,34001900,BLIND,10060293,,complete,,,computer,Desktop or Laptop,Mac OS 10.15.7,Safari 17.1.2,1024x1366,1366x917,,,,Demographics Questionnaire,4,,control,,,,set 1,Controls,ACCEPT,,Controls,No,categorical_hand,Right
9,1704710768600,08/01/2024 10:46:08,1704710768421,0,08/01/2024 10:46:08,155541,10,questionnaire-4eaj,,34001900,BLIND,10060293,,complete,,,computer,Desktop or Laptop,Mac OS 10.15.7,Safari 17.1.2,1024x1366,1366x917,,,,Demographics Questionnaire,4,,control,,,,set 1,Controls,ACCEPT,,Controls,No,categorical_hand-quantised,2
10,1704710768600,08/01/2024 10:46:08,1704710768421,0,08/01/2024 10:46:08,155541,10,questionnaire-4eaj,,34001900,BLIND,10060293,,complete,,,computer,Desktop or Laptop,Mac OS 10.15.7,Safari 17.1.2,1024x1366,1366x917,,,,Demographics Questionnaire,4,,control,,,,set 1,Controls,ACCEPT,,Controls,No,age_education,Yes
11,1704710768600,08/01/2024 10:46:08,1704710768421,0,08/01/2024 10:46:08,155541,10,questionnaire-4eaj,,34001900,BLIND,10060293,,complete,,,computer,Desktop or Laptop,Mac OS 10.15.7,Safari 17.1.2,1024x1366,1366x917,,,,Demographics Questionnaire,4,,control,,,,set 1,Controls,ACCEPT,,Controls,No,age_education-quantised,1
12,1704710768600,08/01/2024 10:46:08,1704710768421,0,08/01/2024 10:46:08,155541,10,questionnaire-4eaj,,34001900,BLIND,10060293,,complete,,,computer,Desktop or Laptop,Mac OS 10.15.7,Safari 17.1.2,1024x1366,1366x917,,,,Demographics Questionnaire,4,,control,,,,set 1,Controls,ACCEPT,,Controls,No,age_education-text,
13,1704710768600,08/01/2024 10:46:08,1704710768421,0,08/01/2024 10:46:08,155541,10,questionnaire-4eaj,,34001900,BLIND,10060293,,complete,,,computer,Desktop or Laptop,Mac OS 10.15.7,Safari 17.1.2,1024x1366,1366x917,,,,Demographics Questionnaire,4,,control,,,,set 1,Controls,ACCEPT,,Controls,No,bilingual,No
14,1704710768600,08/01/2024 10:46:08,1704710768421,0,08/01/2024 10:46:08,155541,10,questionnaire-4eaj,,34001900,BLIND,10060293,,complete,,,computer,Desktop or Laptop,Mac OS 10.15.7,Safari 17.1.2,1024x1366,1366x917,,,,Demographics Questionnaire,4,,control,,,,set 1,Controls,ACCEPT,,Controls,No,bilingual-quantised,1
15,1704710768600,08/01/2024 10:46:08,1704710768421,0,08/01/2024 10:46:08,155541,10,questionnaire-4eaj,,34001900,BLIND,10060293,,complete,,,computer,Desktop or Laptop,Mac OS 10.15.7,Safari 17.1.2,1024x1366,1366x917,,,,Demographics Questionnaire,4,,control,,,,set 1,Controls,ACCEPT,,Controls,No,bilingual-text,
16,1704710768600,08/01/2024 10:46:08,1704710768421,0,08/01/2024 10:46:08,155541,10,questionnaire-4eaj,,34001900,BLIND,10060293,,complete,,,computer,Desktop or Laptop,Mac OS 10.15.7,Safari 17.1.2,1024x1366,1366x917,,,,Demographics Questionnaire,4,,control,,,,set 1,Controls,ACCEPT,,Controls,No,END QUESTIONNAIRE,31971
1,1704713982678,08/01/2024 11:39:42,1704713982550,0,08/01/2024 11:39:42,155541,10,questionnaire-4eaj,,34004923,BLIND,10060775,,complete,,,computer,Desktop or Laptop,Mac OS 10.15.7,Safari 16.0,820x1180,1180x668,,,,Demographics Questionnaire,4,,control,,,,set 2,Controls,ACCEPT,,Controls,No,BEGIN QUESTIONNAIRE,
2,1704714004048,08/01/2024 11:40:04,1704714003968,0,08/01/2024 11:40:03,155541,10,questionnaire-4eaj,,34004923,BLIND,10060775,,complete,,,computer,Desktop or Laptop,Mac OS 10.15.7,Safari 16.0,820x1180,1180x668,,,,Demographics Questionnaire,4,,control,,,,set 2,Controls,ACCEPT,,Controls,No,Age,19
3,1704714004117,08/01/2024 11:40:04,1704714003973,0,08/01/2024 11:40:03,155541,10,questionnaire-4eaj,,34004923,BLIND,10060775,,complete,,,computer,Desktop or Laptop,Mac OS 10.15.7,Safari 16.0,820x1180,1180x668,,,,Demographics Questionnaire,4,,control,,,,set 2,Controls,ACCEPT,,Controls,No,Gender,Woman
4,1704714004117,08/01/2024 11:40:04,1704714003973,0,08/01/2024 11:40:03,155541,10,questionnaire-4eaj,,34004923,BLIND,10060775,,complete,,,computer,Desktop or Laptop,Mac OS 10.15.7,Safari 16.0,820x1180,1180x668,,,,Demographics Questionnaire,4,,control,,,,set 2,Controls,ACCEPT,,Controls,No,Gender-quantised,2
5,1704714004117,08/01/2024 11:40:04,1704714003973,0,08/01/2024 11:40:03,155541,10,questionnaire-4eaj,,34004923,BLIND,10060775,,complete,,,computer,Desktop or Laptop,Mac OS 10.15.7,Safari 16.0,820x1180,1180x668,,,,Demographics Questionnaire,4,,control,,,,set 2,Controls,ACCEPT,,Controls,No,Gender-text,
6,1704714004117,08/01/2024 11:40:04,1704714003973,0,08/01/2024 11:40:03,155541,10,questionnaire-4eaj,,34004923,BLIND,10060775,,complete,,,computer,Desktop or Laptop,Mac OS 10.15.7,Safari 16.0,820x1180,1180x668,,,,Demographics Questionnaire,4,,control,,,,set 2,Controls,ACCEPT,,Controls,No,footedness,Right
7,1704714004117,08/01/2024 11:40:04,1704714003973,0,08/01/2024 11:40:03,155541,10,questionnaire-4eaj,,34004923,BLIND,10060775,,complete,,,computer,Desktop or Laptop,Mac OS 10.15.7,Safari 16.0,820x1180,1180x668,,,,Demographics Questionnaire,4,,control,,,,set 2,Controls,ACCEPT,,Controls,No,footedness-quantised,2
8,1704714004117,08/01/2024 11:40:04,1704714003973,0,08/01/2024 11:40:03,155541,10,questionnaire-4eaj,,34004923,BLIND,10060775,,complete,,,computer,Desktop or Laptop,Mac OS 10.15.7,Safari 16.0,820x1180,1180x668,,,,Demographics Questionnaire,4,,control,,,,set 2,Controls,ACCEPT,,Controls,No,categorical_hand,Right
9,1704714004117,08/01/2024 11:40:04,1704714003973,0,08/01/2024 11:40:03,155541,10,questionnaire-4eaj,,34004923,BLIND,10060775,,complete,,,computer,Desktop or Laptop,Mac OS 10.15.7,Safari 16.0,820x1180,1180x668,,,,Demographics Questionnaire,4,,control,,,,set 2,Controls,ACCEPT,,Controls,No,categorical_hand-quantised,2
10,1704714004117,08/01/2024 11:40:04,1704714003973,0,08/01/2024 11:40:03,155541,10,questionnaire-4eaj,,34004923,BLIND,10060775,,complete,,,computer,Desktop or Laptop,Mac OS 10.15.7,Safari 16.0,820x1180,1180x668,,,,Demographics Questionnaire,4,,control,,,,set 2,Controls,ACCEPT,,Controls,No,age_education,Yes
11,1704714004117,08/01/2024 11:40:04,1704714003973,0,08/01/2024 11:40:03,155541,10,questionnaire-4eaj,,34004923,BLIND,10060775,,complete,,,computer,Desktop or Laptop,Mac OS 10.15.7,Safari 16.0,820x1180,1180x668,,,,Demographics Questionnaire,4,,control,,,,set 2,Controls,ACCEPT,,Controls,No,age_education-quantised,1
12,1704714004117,08/01/2024 11:40:04,1704714003974,0,08/01/2024 11:40:03,155541,10,questionnaire-4eaj,,34004923,BLIND,10060775,,complete,,,computer,Desktop or Laptop,Mac OS 10.15.7,Safari 16.0,820x1180,1180x668,,,,Demographics Questionnaire,4,,control,,,,set 2,Controls,ACCEPT,,Controls,No,age_education-text,
13,1704714004117,08/01/2024 11:40:04,1704714003974,0,08/01/2024 11:40:03,155541,10,questionnaire-4eaj,,34004923,BLIND,10060775,,complete,,,computer,Desktop or Laptop,Mac OS 10.15.7,Safari 16.0,820x1180,1180x668,,,,Demographics Questionnaire,4,,control,,,,set 2,Controls,ACCEPT,,Controls,No,bilingual,No
14,1704714004117,08/01/2024 11:40:04,1704714003974,0,08/01/2024 11:40:03,155541,10,questionnaire-4eaj,,34004923,BLIND,10060775,,complete,,,computer,Desktop or Laptop,Mac OS 10.15.7,Safari 16.0,820x1180,1180x668,,,,Demographics Questionnaire,4,,control,,,,set 2,Controls,ACCEPT,,Controls,No,bilingual-quantised,1
15,1704714004117,08/01/2024 11:40:04,1704714003974,0,08/01/2024 11:40:03,155541,10,questionnaire-4eaj,,34004923,BLIND,10060775,,complete,,,computer,Desktop or Laptop,Mac OS 10.15.7,Safari 16.0,820x1180,1180x668,,,,Demographics Questionnaire,4,,control,,,,set 2,Controls,ACCEPT,,Controls,No,bilingual-text,
16,1704714004117,08/01/2024 11:40:04,1704714003974,0,08/01/2024 11:40:03,155541,10,questionnaire-4eaj,,34004923,BLIND,10060775,,complete,,,computer,Desktop or Laptop,Mac OS 10.15.7,Safari 16.0,820x1180,1180x668,,,,Demographics Questionnaire,4,,control,,,,set 2,Controls,ACCEPT,,Controls,No,END QUESTIONNAIRE,21424
1,1704724120317,08/01/2024 14:28:40,1704724120882,0,08/01/2024 14:28:40,155541,10,questionnaire-4eaj,,34013892,BLIND,10062668,,complete,,,computer,Desktop or Laptop,Windows 10,Edge 120.0.0.0,1440x900,1432x786,,,,Demographics Questionnaire,4,,control,,,,set 1,Controls,ACCEPT,,Controls,No,BEGIN QUESTIONNAIRE,
2,1704724154823,08/01/2024 14:29:14,1704724155418,0,08/01/2024 14:29:15,155541,10,questionnaire-4eaj,,34013892,BLIND,10062668,,complete,,,computer,Desktop or Laptop,Windows 10,Edge 120.0.0.0,1440x900,1417x786,,,,Demographics Questionnaire,4,,control,,,,set 1,Controls,ACCEPT,,Controls,No,Age,18
3,1704724154923,08/01/2024 14:29:14,1704724155420,0,08/01/2024 14:29:15,155541,10,questionnaire-4eaj,,34013892,BLIND,10062668,,complete,,,computer,Desktop or Laptop,Windows 10,Edge 120.0.0.0,1440x900,1417x786,,,,Demographics Questionnaire,4,,control,,,,set 1,Controls,ACCEPT,,Controls,No,Gender,Woman
4,1704724154923,08/01/2024 14:29:14,1704724155420,0,08/01/2024 14:29:15,155541,10,questionnaire-4eaj,,34013892,BLIND,10062668,,complete,,,computer,Desktop or Laptop,Windows 10,Edge 120.0.0.0,1440x900,1417x786,,,,Demographics Questionnaire,4,,control,,,,set 1,Controls,ACCEPT,,Controls,No,Gender-quantised,2
5,1704724154923,08/01/2024 14:29:14,1704724155420,0,08/01/2024 14:29:15,155541,10,questionnaire-4eaj,,34013892,BLIND,10062668,,complete,,,computer,Desktop or Laptop,Windows 10,Edge 120.0.0.0,1440x900,1417x786,,,,Demographics Questionnaire,4,,control,,,,set 1,Controls,ACCEPT,,Controls,No,Gender-text,
6,1704724154923,08/01/2024 14:29:14,1704724155420,0,08/01/2024 14:29:15,155541,10,questionnaire-4eaj,,34013892,BLIND,10062668,,complete,,,computer,Desktop or Laptop,Windows 10,Edge 120.0.0.0,1440x900,1417x786,,,,Demographics Questionnaire,4,,control,,,,set 1,Controls,ACCEPT,,Controls,No,footedness,Right
7,1704724154923,08/01/2024 14:29:14,1704724155420,0,08/01/2024 14:29:15,155541,10,questionnaire-4eaj,,34013892,BLIND,10062668,,complete,,,computer,Desktop or Laptop,Windows 10,Edge 120.0.0.0,1440x900,1417x786,,,,Demographics Questionnaire,4,,control,,,,set 1,Controls,ACCEPT,,Controls,No,footedness-quantised,2
8,1704724154923,08/01/2024 14:29:14,1704724155421,0,08/01/2024 14:29:15,155541,10,questionnaire-4eaj,,34013892,BLIND,10062668,,complete,,,computer,Desktop or Laptop,Windows 10,Edge 120.0.0.0,1440x900,1417x786,,,,Demographics Questionnaire,4,,control,,,,set 1,Controls,ACCEPT,,Controls,No,categorical_hand,Right
9,1704724154923,08/01/2024 14:29:14,1704724155421,0,08/01/2024 14:29:15,155541,10,questionnaire-4eaj,,34013892,BLIND,10062668,,complete,,,computer,Desktop or Laptop,Windows 10,Edge 120.0.0.0,1440x900,1417x786,,,,Demographics Questionnaire,4,,control,,,,set 1,Controls,ACCEPT,,Controls,No,categorical_hand-quantised,2
10,1704724154923,08/01/2024 14:29:14,1704724155421,0,08/01/2024 14:29:15,155541,10,questionnaire-4eaj,,34013892,BLIND,10062668,,complete,,,computer,Desktop or Laptop,Windows 10,Edge 120.0.0.0,1440x900,1417x786,,,,Demographics Questionnaire,4,,control,,,,set 1,Controls,ACCEPT,,Controls,No,age_education,Yes
11,1704724154923,08/01/2024 14:29:14,1704724155421,0,08/01/2024 14:29:15,155541,10,questionnaire-4eaj,,34013892,BLIND,10062668,,complete,,,computer,Desktop or Laptop,Windows 10,Edge 120.0.0.0,1440x900,1417x786,,,,Demographics Questionnaire,4,,control,,,,set 1,Controls,ACCEPT,,Controls,No,age_education-quantised,1
12,1704724154923,08/01/2024 14:29:14,1704724155422,0,08/01/2024 14:29:15,155541,10,questionnaire-4eaj,,34013892,BLIND,10062668,,complete,,,computer,Desktop or Laptop,Windows 10,Edge 120.0.0.0,1440x900,1417x786,,,,Demographics Questionnaire,4,,control,,,,set 1,Controls,ACCEPT,,Controls,No,age_education-text,
13,1704724154923,08/01/2024 14:29:14,1704724155422,0,08/01/2024 14:29:15,155541,10,questionnaire-4eaj,,34013892,BLIND,10062668,,complete,,,computer,Desktop or Laptop,Windows 10,Edge 120.0.0.0,1440x900,1417x786,,,,Demographics Questionnaire,4,,control,,,,set 1,Controls,ACCEPT,,Controls,No,bilingual,No
14,1704724154923,08/01/2024 14:29:14,1704724155422,0,08/01/2024 14:29:15,155541,10,questionnaire-4eaj,,34013892,BLIND,10062668,,complete,,,computer,Desktop or Laptop,Windows 10,Edge 120.0.0.0,1440x900,1417x786,,,,Demographics Questionnaire,4,,control,,,,set 1,Controls,ACCEPT,,Controls,No,bilingual-quantised,1
15,1704724154923,08/01/2024 14:29:14,1704724155422,0,08/01/2024 14:29:15,155541,10,questionnaire-4eaj,,34013892,BLIND,10062668,,complete,,,computer,Desktop or Laptop,Windows 10,Edge 120.0.0.0,1440x900,1417x786,,,,Demographics Questionnaire,4,,control,,,,set 1,Controls,ACCEPT,,Controls,No,bilingual-text,
16,1704724154923,08/01/2024 14:29:14,1704724155423,0,08/01/2024 14:29:15,155541,10,questionnaire-4eaj,,34013892,BLIND,10062668,,complete,,,computer,Desktop or Laptop,Windows 10,Edge 120.0.0.0,1440x900,1417x786,,,,Demographics Questionnaire,4,,control,,,,set 1,Controls,ACCEPT,,Controls,No,END QUESTIONNAIRE,34541
1,1704795023960,09/01/2024 10:10:23,1704795023842,1,09/01/2024 11:10:23,155541,10,questionnaire-4eaj,,34035298,BLIND,10069166,,complete,,,computer,Desktop or Laptop,Mac OS 10.15.7,Safari 17.2.1,1470x956,1470x840,,,,Demographics Questionnaire,4,,control,,,,set 2,Controls,ACCEPT,,Controls,No,BEGIN QUESTIONNAIRE,
2,1704795050209,09/01/2024 10:10:50,1704795050135,1,09/01/2024 11:10:50,155541,10,questionnaire-4eaj,,34035298,BLIND,10069166,,complete,,,computer,Desktop or Laptop,Mac OS 10.15.7,Safari 17.2.1,1470x956,1470x840,,,,Demographics Questionnaire,4,,control,,,,set 2,Controls,ACCEPT,,Controls,No,Age,19
3,1704795050307,09/01/2024 10:10:50,1704795050139,1,09/01/2024 11:10:50,155541,10,questionnaire-4eaj,,34035298,BLIND,10069166,,complete,,,computer,Desktop or Laptop,Mac OS 10.15.7,Safari 17.2.1,1470x956,1470x840,,,,Demographics Questionnaire,4,,control,,,,set 2,Controls,ACCEPT,,Controls,No,Gender,Woman
4,1704795050307,09/01/2024 10:10:50,1704795050139,1,09/01/2024 11:10:50,155541,10,questionnaire-4eaj,,34035298,BLIND,10069166,,complete,,,computer,Desktop or Laptop,Mac OS 10.15.7,Safari 17.2.1,1470x956,1470x840,,,,Demographics Questionnaire,4,,control,,,,set 2,Controls,ACCEPT,,Controls,No,Gender-quantised,2
5,1704795050307,09/01/2024 10:10:50,1704795050139,1,09/01/2024 11:10:50,155541,10,questionnaire-4eaj,,34035298,BLIND,10069166,,complete,,,computer,Desktop or Laptop,Mac OS 10.15.7,Safari 17.2.1,1470x956,1470x840,,,,Demographics Questionnaire,4,,control,,,,set 2,Controls,ACCEPT,,Controls,No,Gender-text,
6,1704795050307,09/01/2024 10:10:50,1704795050139,1,09/01/2024 11:10:50,155541,10,questionnaire-4eaj,,34035298,BLIND,10069166,,complete,,,computer,Desktop or Laptop,Mac OS 10.15.7,Safari 17.2.1,1470x956,1470x840,,,,Demographics Questionnaire,4,,control,,,,set 2,Controls,ACCEPT,,Controls,No,footedness,Right
7,1704795050307,09/01/2024 10:10:50,1704795050139,1,09/01/2024 11:10:50,155541,10,questionnaire-4eaj,,34035298,BLIND,10069166,,complete,,,computer,Desktop or Laptop,Mac OS 10.15.7,Safari 17.2.1,1470x956,1470x840,,,,Demographics Questionnaire,4,,control,,,,set 2,Controls,ACCEPT,,Controls,No,footedness-quantised,2
8,1704795050307,09/01/2024 10:10:50,1704795050139,1,09/01/2024 11:10:50,155541,10,questionnaire-4eaj,,34035298,BLIND,10069166,,complete,,,computer,Desktop or Laptop,Mac OS 10.15.7,Safari 17.2.1,1470x956,1470x840,,,,Demographics Questionnaire,4,,control,,,,set 2,Controls,ACCEPT,,Controls,No,categorical_hand,Right
9,1704795050307,09/01/2024 10:10:50,1704795050139,1,09/01/2024 11:10:50,155541,10,questionnaire-4eaj,,34035298,BLIND,10069166,,complete,,,computer,Desktop or Laptop,Mac OS 10.15.7,Safari 17.2.1,1470x956,1470x840,,,,Demographics Questionnaire,4,,control,,,,set 2,Controls,ACCEPT,,Controls,No,categorical_hand-quantised,2
10,1704795050307,09/01/2024 10:10:50,1704795050139,1,09/01/2024 11:10:50,155541,10,questionnaire-4eaj,,34035298,BLIND,10069166,,complete,,,computer,Desktop or Laptop,Mac OS 10.15.7,Safari 17.2.1,1470x956,1470x840,,,,Demographics Questionnaire,4,,control,,,,set 2,Controls,ACCEPT,,Controls,No,age_education,Yes
11,1704795050307,09/01/2024 10:10:50,1704795050139,1,09/01/2024 11:10:50,155541,10,questionnaire-4eaj,,34035298,BLIND,10069166,,complete,,,computer,Desktop or Laptop,Mac OS 10.15.7,Safari 17.2.1,1470x956,1470x840,,,,Demographics Questionnaire,4,,control,,,,set 2,Controls,ACCEPT,,Controls,No,age_education-quantised,1
12,1704795050307,09/01/2024 10:10:50,1704795050139,1,09/01/2024 11:10:50,155541,10,questionnaire-4eaj,,34035298,BLIND,10069166,,complete,,,computer,Desktop or Laptop,Mac OS 10.15.7,Safari 17.2.1,1470x956,1470x840,,,,Demographics Questionnaire,4,,control,,,,set 2,Controls,ACCEPT,,Controls,No,age_education-text,
13,1704795050307,09/01/2024 10:10:50,1704795050139,1,09/01/2024 11:10:50,155541,10,questionnaire-4eaj,,34035298,BLIND,10069166,,complete,,,computer,Desktop or Laptop,Mac OS 10.15.7,Safari 17.2.1,1470x956,1470x840,,,,Demographics Questionnaire,4,,control,,,,set 2,Controls,ACCEPT,,Controls,No,bilingual,Yes. My strongest language is:
14,1704795050307,09/01/2024 10:10:50,1704795050139,1,09/01/2024 11:10:50,155541,10,questionnaire-4eaj,,34035298,BLIND,10069166,,complete,,,computer,Desktop or Laptop,Mac OS 10.15.7,Safari 17.2.1,1470x956,1470x840,,,,Demographics Questionnaire,4,,control,,,,set 2,Controls,ACCEPT,,Controls,No,bilingual-text,english
15,1704795050307,09/01/2024 10:10:50,1704795050139,1,09/01/2024 11:10:50,155541,10,questionnaire-4eaj,,34035298,BLIND,10069166,,complete,,,computer,Desktop or Laptop,Mac OS 10.15.7,Safari 17.2.1,1470x956,1470x840,,,,Demographics Questionnaire,4,,control,,,,set 2,Controls,ACCEPT,,Controls,No,END QUESTIONNAIRE,26297
1,1704893281291,10/01/2024 13:28:01,1704893280961,0,10/01/2024 13:28:00,155541,10,questionnaire-4eaj,,34104640,BLIND,10078983,,complete,,,computer,Desktop or Laptop,Chromium OS 14541.0.0,Chrome 119.0.0.0,1300x730,1300x596,,,,Demographics Questionnaire,4,,control,,,,set 1,Controls,ACCEPT,,Controls,No,BEGIN QUESTIONNAIRE,
2,1704893350084,10/01/2024 13:29:10,1704893349802,0,10/01/2024 13:29:09,155541,10,questionnaire-4eaj,,34104640,BLIND,10078983,,complete,,,computer,Desktop or Laptop,Chromium OS 14541.0.0,Chrome 119.0.0.0,1300x730,1300x596,,,,Demographics Questionnaire,4,,control,,,,set 1,Controls,ACCEPT,,Controls,No,Age,19
3,1704893350168,10/01/2024 13:29:10,1704893349804,0,10/01/2024 13:29:09,155541,10,questionnaire-4eaj,,34104640,BLIND,10078983,,complete,,,computer,Desktop or Laptop,Chromium OS 14541.0.0,Chrome 119.0.0.0,1300x730,1300x596,,,,Demographics Questionnaire,4,,control,,,,set 1,Controls,ACCEPT,,Controls,No,Gender,Woman
4,1704893350168,10/01/2024 13:29:10,1704893349805,0,10/01/2024 13:29:09,155541,10,questionnaire-4eaj,,34104640,BLIND,10078983,,complete,,,computer,Desktop or Laptop,Chromium OS 14541.0.0,Chrome 119.0.0.0,1300x730,1300x596,,,,Demographics Questionnaire,4,,control,,,,set 1,Controls,ACCEPT,,Controls,No,Gender-quantised,2
5,1704893350168,10/01/2024 13:29:10,1704893349805,0,10/01/2024 13:29:09,155541,10,questionnaire-4eaj,,34104640,BLIND,10078983,,complete,,,computer,Desktop or Laptop,Chromium OS 14541.0.0,Chrome 119.0.0.0,1300x730,1300x596,,,,Demographics Questionnaire,4,,control,,,,set 1,Controls,ACCEPT,,Controls,No,Gender-text,
6,1704893350168,10/01/2024 13:29:10,1704893349805,0,10/01/2024 13:29:09,155541,10,questionnaire-4eaj,,34104640,BLIND,10078983,,complete,,,computer,Desktop or Laptop,Chromium OS 14541.0.0,Chrome 119.0.0.0,1300x730,1300x596,,,,Demographics Questionnaire,4,,control,,,,set 1,Controls,ACCEPT,,Controls,No,footedness,Right
7,1704893350168,10/01/2024 13:29:10,1704893349805,0,10/01/2024 13:29:09,155541,10,questionnaire-4eaj,,34104640,BLIND,10078983,,complete,,,computer,Desktop or Laptop,Chromium OS 14541.0.0,Chrome 119.0.0.0,1300x730,1300x596,,,,Demographics Questionnaire,4,,control,,,,set 1,Controls,ACCEPT,,Controls,No,footedness-quantised,2
8,1704893350168,10/01/2024 13:29:10,1704893349806,0,10/01/2024 13:29:09,155541,10,questionnaire-4eaj,,34104640,BLIND,10078983,,complete,,,computer,Desktop or Laptop,Chromium OS 14541.0.0,Chrome 119.0.0.0,1300x730,1300x596,,,,Demographics Questionnaire,4,,control,,,,set 1,Controls,ACCEPT,,Controls,No,categorical_hand,Right
9,1704893350168,10/01/2024 13:29:10,1704893349806,0,10/01/2024 13:29:09,155541,10,questionnaire-4eaj,,34104640,BLIND,10078983,,complete,,,computer,Desktop or Laptop,Chromium OS 14541.0.0,Chrome 119.0.0.0,1300x730,1300x596,,,,Demographics Questionnaire,4,,control,,,,set 1,Controls,ACCEPT,,Controls,No,categorical_hand-quantised,2
10,1704893350168,10/01/2024 13:29:10,1704893349806,0,10/01/2024 13:29:09,155541,10,questionnaire-4eaj,,34104640,BLIND,10078983,,complete,,,computer,Desktop or Laptop,Chromium OS 14541.0.0,Chrome 119.0.0.0,1300x730,1300x596,,,,Demographics Questionnaire,4,,control,,,,set 1,Controls,ACCEPT,,Controls,No,age_education,Yes
11,1704893350168,10/01/2024 13:29:10,1704893349807,0,10/01/2024 13:29:09,155541,10,questionnaire-4eaj,,34104640,BLIND,10078983,,complete,,,computer,Desktop or Laptop,Chromium OS 14541.0.0,Chrome 119.0.0.0,1300x730,1300x596,,,,Demographics Questionnaire,4,,control,,,,set 1,Controls,ACCEPT,,Controls,No,age_education-quantised,1
12,1704893350168,10/01/2024 13:29:10,1704893349808,0,10/01/2024 13:29:09,155541,10,questionnaire-4eaj,,34104640,BLIND,10078983,,complete,,,computer,Desktop or Laptop,Chromium OS 14541.0.0,Chrome 119.0.0.0,1300x730,1300x596,,,,Demographics Questionnaire,4,,control,,,,set 1,Controls,ACCEPT,,Controls,No,age_education-text,
13,1704893350168,10/01/2024 13:29:10,1704893349808,0,10/01/2024 13:29:09,155541,10,questionnaire-4eaj,,34104640,BLIND,10078983,,complete,,,computer,Desktop or Laptop,Chromium OS 14541.0.0,Chrome 119.0.0.0,1300x730,1300x596,,,,Demographics Questionnaire,4,,control,,,,set 1,Controls,ACCEPT,,Controls,No,bilingual,No
14,1704893350168,10/01/2024 13:29:10,1704893349808,0,10/01/2024 13:29:09,155541,10,questionnaire-4eaj,,34104640,BLIND,10078983,,complete,,,computer,Desktop or Laptop,Chromium OS 14541.0.0,Chrome 119.0.0.0,1300x730,1300x596,,,,Demographics Questionnaire,4,,control,,,,set 1,Controls,ACCEPT,,Controls,No,bilingual-quantised,1
15,1704893350168,10/01/2024 13:29:10,1704893349809,0,10/01/2024 13:29:09,155541,10,questionnaire-4eaj,,34104640,BLIND,10078983,,complete,,,computer,Desktop or Laptop,Chromium OS 14541.0.0,Chrome 119.0.0.0,1300x730,1300x596,,,,Demographics Questionnaire,4,,control,,,,set 1,Controls,ACCEPT,,Controls,No,bilingual-text,
16,1704893350168,10/01/2024 13:29:10,1704893349809,0,10/01/2024 13:29:09,155541,10,questionnaire-4eaj,,34104640,BLIND,10078983,,complete,,,computer,Desktop or Laptop,Chromium OS 14541.0.0,Chrome 119.0.0.0,1300x730,1300x596,,,,Demographics Questionnaire,4,,control,,,,set 1,Controls,ACCEPT,,Controls,No,END QUESTIONNAIRE,68848
1,1704902232844,10/01/2024 15:57:12,1704902232812,0,10/01/2024 15:57:12,155541,10,questionnaire-4eaj,,34109957,BLIND,10080317,,complete,,,computer,Desktop or Laptop,Mac OS 10.15.7,Chrome 119.0.0.0,1440x900,1440x815,,,,Demographics Questionnaire,4,,control,,,,set 1,Controls,ACCEPT,,Controls,No,BEGIN QUESTIONNAIRE,
2,1704902266030,10/01/2024 15:57:46,1704902266030,0,10/01/2024 15:57:46,155541,10,questionnaire-4eaj,,34109957,BLIND,10080317,,complete,,,computer,Desktop or Laptop,Mac OS 10.15.7,Chrome 119.0.0.0,1440x900,1440x815,,,,Demographics Questionnaire,4,,control,,,,set 1,Controls,ACCEPT,,Controls,No,Age,19
3,1704902266074,10/01/2024 15:57:46,1704902266031,0,10/01/2024 15:57:46,155541,10,questionnaire-4eaj,,34109957,BLIND,10080317,,complete,,,computer,Desktop or Laptop,Mac OS 10.15.7,Chrome 119.0.0.0,1440x900,1440x815,,,,Demographics Questionnaire,4,,control,,,,set 1,Controls,ACCEPT,,Controls,No,Gender,Woman
4,1704902266074,10/01/2024 15:57:46,1704902266031,0,10/01/2024 15:57:46,155541,10,questionnaire-4eaj,,34109957,BLIND,10080317,,complete,,,computer,Desktop or Laptop,Mac OS 10.15.7,Chrome 119.0.0.0,1440x900,1440x815,,,,Demographics Questionnaire,4,,control,,,,set 1,Controls,ACCEPT,,Controls,No,Gender-quantised,2
5,1704902266074,10/01/2024 15:57:46,1704902266032,0,10/01/2024 15:57:46,155541,10,questionnaire-4eaj,,34109957,BLIND,10080317,,complete,,,computer,Desktop or Laptop,Mac OS 10.15.7,Chrome 119.0.0.0,1440x900,1440x815,,,,Demographics Questionnaire,4,,control,,,,set 1,Controls,ACCEPT,,Controls,No,Gender-text,
6,1704902266074,10/01/2024 15:57:46,1704902266032,0,10/01/2024 15:57:46,155541,10,questionnaire-4eaj,,34109957,BLIND,10080317,,complete,,,computer,Desktop or Laptop,Mac OS 10.15.7,Chrome 119.0.0.0,1440x900,1440x815,,,,Demographics Questionnaire,4,,control,,,,set 1,Controls,ACCEPT,,Controls,No,footedness,Left
7,1704902266074,10/01/2024 15:57:46,1704902266032,0,10/01/2024 15:57:46,155541,10,questionnaire-4eaj,,34109957,BLIND,10080317,,complete,,,computer,Desktop or Laptop,Mac OS 10.15.7,Chrome 119.0.0.0,1440x900,1440x815,,,,Demographics Questionnaire,4,,control,,,,set 1,Controls,ACCEPT,,Controls,No,footedness-quantised,1
8,1704902266074,10/01/2024 15:57:46,1704902266032,0,10/01/2024 15:57:46,155541,10,questionnaire-4eaj,,34109957,BLIND,10080317,,complete,,,computer,Desktop or Laptop,Mac OS 10.15.7,Chrome 119.0.0.0,1440x900,1440x815,,,,Demographics Questionnaire,4,,control,,,,set 1,Controls,ACCEPT,,Controls,No,categorical_hand,Right
9,1704902266074,10/01/2024 15:57:46,1704902266032,0,10/01/2024 15:57:46,155541,10,questionnaire-4eaj,,34109957,BLIND,10080317,,complete,,,computer,Desktop or Laptop,Mac OS 10.15.7,Chrome 119.0.0.0,1440x900,1440x815,,,,Demographics Questionnaire,4,,control,,,,set 1,Controls,ACCEPT,,Controls,No,categorical_hand-quantised,2
10,1704902266074,10/01/2024 15:57:46,1704902266032,0,10/01/2024 15:57:46,155541,10,questionnaire-4eaj,,34109957,BLIND,10080317,,complete,,,computer,Desktop or Laptop,Mac OS 10.15.7,Chrome 119.0.0.0,1440x900,1440x815,,,,Demographics Questionnaire,4,,control,,,,set 1,Controls,ACCEPT,,Controls,No,age_education,Yes
11,1704902266074,10/01/2024 15:57:46,1704902266033,0,10/01/2024 15:57:46,155541,10,questionnaire-4eaj,,34109957,BLIND,10080317,,complete,,,computer,Desktop or Laptop,Mac OS 10.15.7,Chrome 119.0.0.0,1440x900,1440x815,,,,Demographics Questionnaire,4,,control,,,,set 1,Controls,ACCEPT,,Controls,No,age_education-quantised,1
12,1704902266074,10/01/2024 15:57:46,1704902266033,0,10/01/2024 15:57:46,155541,10,questionnaire-4eaj,,34109957,BLIND,10080317,,complete,,,computer,Desktop or Laptop,Mac OS 10.15.7,Chrome 119.0.0.0,1440x900,1440x815,,,,Demographics Questionnaire,4,,control,,,,set 1,Controls,ACCEPT,,Controls,No,age_education-text,
13,1704902266074,10/01/2024 15:57:46,1704902266033,0,10/01/2024 15:57:46,155541,10,questionnaire-4eaj,,34109957,BLIND,10080317,,complete,,,computer,Desktop or Laptop,Mac OS 10.15.7,Chrome 119.0.0.0,1440x900,1440x815,,,,Demographics Questionnaire,4,,control,,,,set 1,Controls,ACCEPT,,Controls,No,bilingual,Yes. My strongest language is:
14,1704902266074,10/01/2024 15:57:46,1704902266033,0,10/01/2024 15:57:46,155541,10,questionnaire-4eaj,,34109957,BLIND,10080317,,complete,,,computer,Desktop or Laptop,Mac OS 10.15.7,Chrome 119.0.0.0,1440x900,1440x815,,,,Demographics Questionnaire,4,,control,,,,set 1,Controls,ACCEPT,,Controls,No,bilingual-text,English
15,1704902266074,10/01/2024 15:57:46,1704902266033,0,10/01/2024 15:57:46,155541,10,questionnaire-4eaj,,34109957,BLIND,10080317,,complete,,,computer,Desktop or Laptop,Mac OS 10.15.7,Chrome 119.0.0.0,1440x900,1440x815,,,,Demographics Questionnaire,4,,control,,,,set 1,Controls,ACCEPT,,Controls,No,END QUESTIONNAIRE,33221
1,1704909615036,10/01/2024 18:00:15,1704909614940,0,10/01/2024 18:00:14,155541,10,questionnaire-4eaj,,34113507,BLIND,10081224,,complete,,,computer,Desktop or Laptop,Mac OS 10.15.7,Safari 17.0,1440x900,993x727,,,,Demographics Questionnaire,4,,control,,,,set 2,Controls,ACCEPT,,Controls,No,BEGIN QUESTIONNAIRE,
2,1704909643922,10/01/2024 18:00:43,1704909643850,0,10/01/2024 18:00:43,155541,10,questionnaire-4eaj,,34113507,BLIND,10081224,,complete,,,computer,Desktop or Laptop,Mac OS 10.15.7,Safari 17.0,1440x900,993x727,,,,Demographics Questionnaire,4,,control,,,,set 2,Controls,ACCEPT,,Controls,No,Age,18
3,1704909643985,10/01/2024 18:00:43,1704909643853,0,10/01/2024 18:00:43,155541,10,questionnaire-4eaj,,34113507,BLIND,10081224,,complete,,,computer,Desktop or Laptop,Mac OS 10.15.7,Safari 17.0,1440x900,993x727,,,,Demographics Questionnaire,4,,control,,,,set 2,Controls,ACCEPT,,Controls,No,Gender,Woman
4,1704909643985,10/01/2024 18:00:43,1704909643853,0,10/01/2024 18:00:43,155541,10,questionnaire-4eaj,,34113507,BLIND,10081224,,complete,,,computer,Desktop or Laptop,Mac OS 10.15.7,Safari 17.0,1440x900,993x727,,,,Demographics Questionnaire,4,,control,,,,set 2,Controls,ACCEPT,,Controls,No,Gender-quantised,2
5,1704909643985,10/01/2024 18:00:43,1704909643853,0,10/01/2024 18:00:43,155541,10,questionnaire-4eaj,,34113507,BLIND,10081224,,complete,,,computer,Desktop or Laptop,Mac OS 10.15.7,Safari 17.0,1440x900,993x727,,,,Demographics Questionnaire,4,,control,,,,set 2,Controls,ACCEPT,,Controls,No,Gender-text,
6,1704909643985,10/01/2024 18:00:43,1704909643853,0,10/01/2024 18:00:43,155541,10,questionnaire-4eaj,,34113507,BLIND,10081224,,complete,,,computer,Desktop or Laptop,Mac OS 10.15.7,Safari 17.0,1440x900,993x727,,,,Demographics Questionnaire,4,,control,,,,set 2,Controls,ACCEPT,,Controls,No,footedness,Left
7,1704909643985,10/01/2024 18:00:43,1704909643853,0,10/01/2024 18:00:43,155541,10,questionnaire-4eaj,,34113507,BLIND,10081224,,complete,,,computer,Desktop or Laptop,Mac OS 10.15.7,Safari 17.0,1440x900,993x727,,,,Demographics Questionnaire,4,,control,,,,set 2,Controls,ACCEPT,,Controls,No,footedness-quantised,1
8,1704909643985,10/01/2024 18:00:43,1704909643853,0,10/01/2024 18:00:43,155541,10,questionnaire-4eaj,,34113507,BLIND,10081224,,complete,,,computer,Desktop or Laptop,Mac OS 10.15.7,Safari 17.0,1440x900,993x727,,,,Demographics Questionnaire,4,,control,,,,set 2,Controls,ACCEPT,,Controls,No,categorical_hand,Right
9,1704909643985,10/01/2024 18:00:43,1704909643853,0,10/01/2024 18:00:43,155541,10,questionnaire-4eaj,,34113507,BLIND,10081224,,complete,,,computer,Desktop or Laptop,Mac OS 10.15.7,Safari 17.0,1440x900,993x727,,,,Demographics Questionnaire,4,,control,,,,set 2,Controls,ACCEPT,,Controls,No,categorical_hand-quantised,2
10,1704909643985,10/01/2024 18:00:43,1704909643853,0,10/01/2024 18:00:43,155541,10,questionnaire-4eaj,,34113507,BLIND,10081224,,complete,,,computer,Desktop or Laptop,Mac OS 10.15.7,Safari 17.0,1440x900,993x727,,,,Demographics Questionnaire,4,,control,,,,set 2,Controls,ACCEPT,,Controls,No,age_education,Yes
11,1704909643985,10/01/2024 18:00:43,1704909643853,0,10/01/2024 18:00:43,155541,10,questionnaire-4eaj,,34113507,BLIND,10081224,,complete,,,computer,Desktop or Laptop,Mac OS 10.15.7,Safari 17.0,1440x900,993x727,,,,Demographics Questionnaire,4,,control,,,,set 2,Controls,ACCEPT,,Controls,No,age_education-quantised,1
12,1704909643985,10/01/2024 18:00:43,1704909643853,0,10/01/2024 18:00:43,155541,10,questionnaire-4eaj,,34113507,BLIND,10081224,,complete,,,computer,Desktop or Laptop,Mac OS 10.15.7,Safari 17.0,1440x900,993x727,,,,Demographics Questionnaire,4,,control,,,,set 2,Controls,ACCEPT,,Controls,No,age_education-text,
13,1704909643985,10/01/2024 18:00:43,1704909643853,0,10/01/2024 18:00:43,155541,10,questionnaire-4eaj,,34113507,BLIND,10081224,,complete,,,computer,Desktop or Laptop,Mac OS 10.15.7,Safari 17.0,1440x900,993x727,,,,Demographics Questionnaire,4,,control,,,,set 2,Controls,ACCEPT,,Controls,No,bilingual,No
14,1704909643985,10/01/2024 18:00:43,1704909643853,0,10/01/2024 18:00:43,155541,10,questionnaire-4eaj,,34113507,BLIND,10081224,,complete,,,computer,Desktop or Laptop,Mac OS 10.15.7,Safari 17.0,1440x900,993x727,,,,Demographics Questionnaire,4,,control,,,,set 2,Controls,ACCEPT,,Controls,No,bilingual-quantised,1
15,1704909643985,10/01/2024 18:00:43,1704909643853,0,10/01/2024 18:00:43,155541,10,questionnaire-4eaj,,34113507,BLIND,10081224,,complete,,,computer,Desktop or Laptop,Mac OS 10.15.7,Safari 17.0,1440x900,993x727,,,,Demographics Questionnaire,4,,control,,,,set 2,Controls,ACCEPT,,Controls,No,bilingual-text,
16,1704909643985,10/01/2024 18:00:43,1704909643853,0,10/01/2024 18:00:43,155541,10,questionnaire-4eaj,,34113507,BLIND,10081224,,complete,,,computer,Desktop or Laptop,Mac OS 10.15.7,Safari 17.0,1440x900,993x727,,,,Demographics Questionnaire,4,,control,,,,set 2,Controls,ACCEPT,,Controls,No,END QUESTIONNAIRE,28913
1,1704983385236,11/01/2024 14:29:45,1704983385147,0,11/01/2024 14:29:45,155541,10,questionnaire-4eaj,,34134154,BLIND,10085882,,complete,,,computer,Desktop or Laptop,Mac OS 10.15.7,Safari 17.2.1,1440x900,1440x820,,,,Demographics Questionnaire,4,,control,,,,set 1,Controls,ACCEPT,,Controls,No,BEGIN QUESTIONNAIRE,
2,1704983404182,11/01/2024 14:30:04,1704983403695,0,11/01/2024 14:30:03,155541,10,questionnaire-4eaj,,34134154,BLIND,10085882,,complete,,,computer,Desktop or Laptop,Mac OS 10.15.7,Safari 17.2.1,1440x900,1440x820,,,,Demographics Questionnaire,4,,control,,,,set 1,Controls,ACCEPT,,Controls,No,Age,19
3,1704983404464,11/01/2024 14:30:04,1704983403697,0,11/01/2024 14:30:03,155541,10,questionnaire-4eaj,,34134154,BLIND,10085882,,complete,,,computer,Desktop or Laptop,Mac OS 10.15.7,Safari 17.2.1,1440x900,1440x820,,,,Demographics Questionnaire,4,,control,,,,set 1,Controls,ACCEPT,,Controls,No,Gender,Woman
4,1704983404464,11/01/2024 14:30:04,1704983403697,0,11/01/2024 14:30:03,155541,10,questionnaire-4eaj,,34134154,BLIND,10085882,,complete,,,computer,Desktop or Laptop,Mac OS 10.15.7,Safari 17.2.1,1440x900,1440x820,,,,Demographics Questionnaire,4,,control,,,,set 1,Controls,ACCEPT,,Controls,No,Gender-quantised,2
5,1704983404464,11/01/2024 14:30:04,1704983403697,0,11/01/2024 14:30:03,155541,10,questionnaire-4eaj,,34134154,BLIND,10085882,,complete,,,computer,Desktop or Laptop,Mac OS 10.15.7,Safari 17.2.1,1440x900,1440x820,,,,Demographics Questionnaire,4,,control,,,,set 1,Controls,ACCEPT,,Controls,No,Gender-text,
6,1704983404464,11/01/2024 14:30:04,1704983403697,0,11/01/2024 14:30:03,155541,10,questionnaire-4eaj,,34134154,BLIND,10085882,,complete,,,computer,Desktop or Laptop,Mac OS 10.15.7,Safari 17.2.1,1440x900,1440x820,,,,Demographics Questionnaire,4,,control,,,,set 1,Controls,ACCEPT,,Controls,No,footedness,Right
7,1704983404464,11/01/2024 14:30:04,1704983403697,0,11/01/2024 14:30:03,155541,10,questionnaire-4eaj,,34134154,BLIND,10085882,,complete,,,computer,Desktop or Laptop,Mac OS 10.15.7,Safari 17.2.1,1440x900,1440x820,,,,Demographics Questionnaire,4,,control,,,,set 1,Controls,ACCEPT,,Controls,No,footedness-quantised,2
8,1704983404464,11/01/2024 14:30:04,1704983403697,0,11/01/2024 14:30:03,155541,10,questionnaire-4eaj,,34134154,BLIND,10085882,,complete,,,computer,Desktop or Laptop,Mac OS 10.15.7,Safari 17.2.1,1440x900,1440x820,,,,Demographics Questionnaire,4,,control,,,,set 1,Controls,ACCEPT,,Controls,No,categorical_hand,Right
9,1704983404464,11/01/2024 14:30:04,1704983403697,0,11/01/2024 14:30:03,155541,10,questionnaire-4eaj,,34134154,BLIND,10085882,,complete,,,computer,Desktop or Laptop,Mac OS 10.15.7,Safari 17.2.1,1440x900,1440x820,,,,Demographics Questionnaire,4,,control,,,,set 1,Controls,ACCEPT,,Controls,No,categorical_hand-quantised,2
10,1704983404464,11/01/2024 14:30:04,1704983403697,0,11/01/2024 14:30:03,155541,10,questionnaire-4eaj,,34134154,BLIND,10085882,,complete,,,computer,Desktop or Laptop,Mac OS 10.15.7,Safari 17.2.1,1440x900,1440x820,,,,Demographics Questionnaire,4,,control,,,,set 1,Controls,ACCEPT,,Controls,No,age_education,Yes
11,1704983404464,11/01/2024 14:30:04,1704983403697,0,11/01/2024 14:30:03,155541,10,questionnaire-4eaj,,34134154,BLIND,10085882,,complete,,,computer,Desktop or Laptop,Mac OS 10.15.7,Safari 17.2.1,1440x900,1440x820,,,,Demographics Questionnaire,4,,control,,,,set 1,Controls,ACCEPT,,Controls,No,age_education-quantised,1
12,1704983404464,11/01/2024 14:30:04,1704983403697,0,11/01/2024 14:30:03,155541,10,questionnaire-4eaj,,34134154,BLIND,10085882,,complete,,,computer,Desktop or Laptop,Mac OS 10.15.7,Safari 17.2.1,1440x900,1440x820,,,,Demographics Questionnaire,4,,control,,,,set 1,Controls,ACCEPT,,Controls,No,age_education-text,
13,1704983404464,11/01/2024 14:30:04,1704983403697,0,11/01/2024 14:30:03,155541,10,questionnaire-4eaj,,34134154,BLIND,10085882,,complete,,,computer,Desktop or Laptop,Mac OS 10.15.7,Safari 17.2.1,1440x900,1440x820,,,,Demographics Questionnaire,4,,control,,,,set 1,Controls,ACCEPT,,Controls,No,bilingual,No
14,1704983404464,11/01/2024 14:30:04,1704983403697,0,11/01/2024 14:30:03,155541,10,questionnaire-4eaj,,34134154,BLIND,10085882,,complete,,,computer,Desktop or Laptop,Mac OS 10.15.7,Safari 17.2.1,1440x900,1440x820,,,,Demographics Questionnaire,4,,control,,,,set 1,Controls,ACCEPT,,Controls,No,bilingual-quantised,1
15,1704983404464,11/01/2024 14:30:04,1704983403697,0,11/01/2024 14:30:03,155541,10,questionnaire-4eaj,,34134154,BLIND,10085882,,complete,,,computer,Desktop or Laptop,Mac OS 10.15.7,Safari 17.2.1,1440x900,1440x820,,,,Demographics Questionnaire,4,,control,,,,set 1,Controls,ACCEPT,,Controls,No,bilingual-text,
16,1704983404464,11/01/2024 14:30:04,1704983403698,0,11/01/2024 14:30:03,155541,10,questionnaire-4eaj,,34134154,BLIND,10085882,,complete,,,computer,Desktop or Laptop,Mac OS 10.15.7,Safari 17.2.1,1440x900,1440x820,,,,Demographics Questionnaire,4,,control,,,,set 1,Controls,ACCEPT,,Controls,No,END QUESTIONNAIRE,18551
1,1705053971752,12/01/2024 10:06:11,1705053918477,0,12/01/2024 10:05:18,155541,10,questionnaire-4eaj,,34156419,BLIND,10090977,,complete,,,computer,Desktop or Laptop,Windows 10,Edge 120.0.0.0,1280x720,1232x598,,,,Demographics Questionnaire,4,,control,,,,set 2,Controls,ACCEPT,,Controls,No,BEGIN QUESTIONNAIRE,
2,1705053992046,12/01/2024 10:06:32,1705053938771,0,12/01/2024 10:05:38,155541,10,questionnaire-4eaj,,34156419,BLIND,10090977,,complete,,,computer,Desktop or Laptop,Windows 10,Edge 120.0.0.0,1280x720,1217x598,,,,Demographics Questionnaire,4,,control,,,,set 2,Controls,ACCEPT,,Controls,No,Age,18
3,1705053992435,12/01/2024 10:06:32,1705053938773,0,12/01/2024 10:05:38,155541,10,questionnaire-4eaj,,34156419,BLIND,10090977,,complete,,,computer,Desktop or Laptop,Windows 10,Edge 120.0.0.0,1280x720,1217x598,,,,Demographics Questionnaire,4,,control,,,,set 2,Controls,ACCEPT,,Controls,No,Gender,Woman
4,1705053992435,12/01/2024 10:06:32,1705053938774,0,12/01/2024 10:05:38,155541,10,questionnaire-4eaj,,34156419,BLIND,10090977,,complete,,,computer,Desktop or Laptop,Windows 10,Edge 120.0.0.0,1280x720,1217x598,,,,Demographics Questionnaire,4,,control,,,,set 2,Controls,ACCEPT,,Controls,No,Gender-quantised,2
5,1705053992435,12/01/2024 10:06:32,1705053938774,0,12/01/2024 10:05:38,155541,10,questionnaire-4eaj,,34156419,BLIND,10090977,,complete,,,computer,Desktop or Laptop,Windows 10,Edge 120.0.0.0,1280x720,1217x598,,,,Demographics Questionnaire,4,,control,,,,set 2,Controls,ACCEPT,,Controls,No,Gender-text,
6,1705053992435,12/01/2024 10:06:32,1705053938774,0,12/01/2024 10:05:38,155541,10,questionnaire-4eaj,,34156419,BLIND,10090977,,complete,,,computer,Desktop or Laptop,Windows 10,Edge 120.0.0.0,1280x720,1217x598,,,,Demographics Questionnaire,4,,control,,,,set 2,Controls,ACCEPT,,Controls,No,footedness,Right
7,1705053992435,12/01/2024 10:06:32,1705053938774,0,12/01/2024 10:05:38,155541,10,questionnaire-4eaj,,34156419,BLIND,10090977,,complete,,,computer,Desktop or Laptop,Windows 10,Edge 120.0.0.0,1280x720,1217x598,,,,Demographics Questionnaire,4,,control,,,,set 2,Controls,ACCEPT,,Controls,No,footedness-quantised,2
8,1705053992435,12/01/2024 10:06:32,1705053938774,0,12/01/2024 10:05:38,155541,10,questionnaire-4eaj,,34156419,BLIND,10090977,,complete,,,computer,Desktop or Laptop,Windows 10,Edge 120.0.0.0,1280x720,1217x598,,,,Demographics Questionnaire,4,,control,,,,set 2,Controls,ACCEPT,,Controls,No,categorical_hand,Right
9,1705053992435,12/01/2024 10:06:32,1705053938774,0,12/01/2024 10:05:38,155541,10,questionnaire-4eaj,,34156419,BLIND,10090977,,complete,,,computer,Desktop or Laptop,Windows 10,Edge 120.0.0.0,1280x720,1217x598,,,,Demographics Questionnaire,4,,control,,,,set 2,Controls,ACCEPT,,Controls,No,categorical_hand-quantised,2
10,1705053992435,12/01/2024 10:06:32,1705053938775,0,12/01/2024 10:05:38,155541,10,questionnaire-4eaj,,34156419,BLIND,10090977,,complete,,,computer,Desktop or Laptop,Windows 10,Edge 120.0.0.0,1280x720,1217x598,,,,Demographics Questionnaire,4,,control,,,,set 2,Controls,ACCEPT,,Controls,No,age_education,Yes
11,1705053992435,12/01/2024 10:06:32,1705053938775,0,12/01/2024 10:05:38,155541,10,questionnaire-4eaj,,34156419,BLIND,10090977,,complete,,,computer,Desktop or Laptop,Windows 10,Edge 120.0.0.0,1280x720,1217x598,,,,Demographics Questionnaire,4,,control,,,,set 2,Controls,ACCEPT,,Controls,No,age_education-quantised,1
12,1705053992435,12/01/2024 10:06:32,1705053938775,0,12/01/2024 10:05:38,155541,10,questionnaire-4eaj,,34156419,BLIND,10090977,,complete,,,computer,Desktop or Laptop,Windows 10,Edge 120.0.0.0,1280x720,1217x598,,,,Demographics Questionnaire,4,,control,,,,set 2,Controls,ACCEPT,,Controls,No,age_education-text,
13,1705053992435,12/01/2024 10:06:32,1705053938775,0,12/01/2024 10:05:38,155541,10,questionnaire-4eaj,,34156419,BLIND,10090977,,complete,,,computer,Desktop or Laptop,Windows 10,Edge 120.0.0.0,1280x720,1217x598,,,,Demographics Questionnaire,4,,control,,,,set 2,Controls,ACCEPT,,Controls,No,bilingual,No
14,1705053992435,12/01/2024 10:06:32,1705053938775,0,12/01/2024 10:05:38,155541,10,questionnaire-4eaj,,34156419,BLIND,10090977,,complete,,,computer,Desktop or Laptop,Windows 10,Edge 120.0.0.0,1280x720,1217x598,,,,Demographics Questionnaire,4,,control,,,,set 2,Controls,ACCEPT,,Controls,No,bilingual-quantised,1
15,1705053992435,12/01/2024 10:06:32,1705053938776,0,12/01/2024 10:05:38,155541,10,questionnaire-4eaj,,34156419,BLIND,10090977,,complete,,,computer,Desktop or Laptop,Windows 10,Edge 120.0.0.0,1280x720,1217x598,,,,Demographics Questionnaire,4,,control,,,,set 2,Controls,ACCEPT,,Controls,No,bilingual-text,
16,1705053992435,12/01/2024 10:06:32,1705053938776,0,12/01/2024 10:05:38,155541,10,questionnaire-4eaj,,34156419,BLIND,10090977,,complete,,,computer,Desktop or Laptop,Windows 10,Edge 120.0.0.0,1280x720,1217x598,,,,Demographics Questionnaire,4,,control,,,,set 2,Controls,ACCEPT,,Controls,No,END QUESTIONNAIRE,20299
1,1705059533694,12/01/2024 11:38:53,1705059514310,0,12/01/2024 11:38:34,155541,10,questionnaire-4eaj,,34158052,BLIND,10091442,,complete,,,computer,Desktop or Laptop,Windows 10,Chrome 120.0.0.0,1536x864,1536x742,,,,Demographics Questionnaire,4,,control,,,,set 2,Controls,ACCEPT,,Controls,No,BEGIN QUESTIONNAIRE,
2,1705059561572,12/01/2024 11:39:21,1705059542244,0,12/01/2024 11:39:02,155541,10,questionnaire-4eaj,,34158052,BLIND,10091442,,complete,,,computer,Desktop or Laptop,Windows 10,Chrome 120.0.0.0,1536x864,1519x742,,,,Demographics Questionnaire,4,,control,,,,set 2,Controls,ACCEPT,,Controls,No,Age,19
3,1705059561627,12/01/2024 11:39:21,1705059542246,0,12/01/2024 11:39:02,155541,10,questionnaire-4eaj,,34158052,BLIND,10091442,,complete,,,computer,Desktop or Laptop,Windows 10,Chrome 120.0.0.0,1536x864,1519x742,,,,Demographics Questionnaire,4,,control,,,,set 2,Controls,ACCEPT,,Controls,No,Gender,Woman
4,1705059561627,12/01/2024 11:39:21,1705059542246,0,12/01/2024 11:39:02,155541,10,questionnaire-4eaj,,34158052,BLIND,10091442,,complete,,,computer,Desktop or Laptop,Windows 10,Chrome 120.0.0.0,1536x864,1519x742,,,,Demographics Questionnaire,4,,control,,,,set 2,Controls,ACCEPT,,Controls,No,Gender-quantised,2
5,1705059561627,12/01/2024 11:39:21,1705059542246,0,12/01/2024 11:39:02,155541,10,questionnaire-4eaj,,34158052,BLIND,10091442,,complete,,,computer,Desktop or Laptop,Windows 10,Chrome 120.0.0.0,1536x864,1519x742,,,,Demographics Questionnaire,4,,control,,,,set 2,Controls,ACCEPT,,Controls,No,Gender-text,
6,1705059561627,12/01/2024 11:39:21,1705059542246,0,12/01/2024 11:39:02,155541,10,questionnaire-4eaj,,34158052,BLIND,10091442,,complete,,,computer,Desktop or Laptop,Windows 10,Chrome 120.0.0.0,1536x864,1519x742,,,,Demographics Questionnaire,4,,control,,,,set 2,Controls,ACCEPT,,Controls,No,footedness,Left
7,1705059561627,12/01/2024 11:39:21,1705059542246,0,12/01/2024 11:39:02,155541,10,questionnaire-4eaj,,34158052,BLIND,10091442,,complete,,,computer,Desktop or Laptop,Windows 10,Chrome 120.0.0.0,1536x864,1519x742,,,,Demographics Questionnaire,4,,control,,,,set 2,Controls,ACCEPT,,Controls,No,footedness-quantised,1
8,1705059561627,12/01/2024 11:39:21,1705059542246,0,12/01/2024 11:39:02,155541,10,questionnaire-4eaj,,34158052,BLIND,10091442,,complete,,,computer,Desktop or Laptop,Windows 10,Chrome 120.0.0.0,1536x864,1519x742,,,,Demographics Questionnaire,4,,control,,,,set 2,Controls,ACCEPT,,Controls,No,categorical_hand,Right
9,1705059561627,12/01/2024 11:39:21,1705059542246,0,12/01/2024 11:39:02,155541,10,questionnaire-4eaj,,34158052,BLIND,10091442,,complete,,,computer,Desktop or Laptop,Windows 10,Chrome 120.0.0.0,1536x864,1519x742,,,,Demographics Questionnaire,4,,control,,,,set 2,Controls,ACCEPT,,Controls,No,categorical_hand-quantised,2
10,1705059561627,12/01/2024 11:39:21,1705059542246,0,12/01/2024 11:39:02,155541,10,questionnaire-4eaj,,34158052,BLIND,10091442,,complete,,,computer,Desktop or Laptop,Windows 10,Chrome 120.0.0.0,1536x864,1519x742,,,,Demographics Questionnaire,4,,control,,,,set 2,Controls,ACCEPT,,Controls,No,age_education,Yes
11,1705059561627,12/01/2024 11:39:21,1705059542247,0,12/01/2024 11:39:02,155541,10,questionnaire-4eaj,,34158052,BLIND,10091442,,complete,,,computer,Desktop or Laptop,Windows 10,Chrome 120.0.0.0,1536x864,1519x742,,,,Demographics Questionnaire,4,,control,,,,set 2,Controls,ACCEPT,,Controls,No,age_education-quantised,1
12,1705059561627,12/01/2024 11:39:21,1705059542247,0,12/01/2024 11:39:02,155541,10,questionnaire-4eaj,,34158052,BLIND,10091442,,complete,,,computer,Desktop or Laptop,Windows 10,Chrome 120.0.0.0,1536x864,1519x742,,,,Demographics Questionnaire,4,,control,,,,set 2,Controls,ACCEPT,,Controls,No,age_education-text,
13,1705059561627,12/01/2024 11:39:21,1705059542247,0,12/01/2024 11:39:02,155541,10,questionnaire-4eaj,,34158052,BLIND,10091442,,complete,,,computer,Desktop or Laptop,Windows 10,Chrome 120.0.0.0,1536x864,1519x742,,,,Demographics Questionnaire,4,,control,,,,set 2,Controls,ACCEPT,,Controls,No,bilingual,No
14,1705059561627,12/01/2024 11:39:21,1705059542247,0,12/01/2024 11:39:02,155541,10,questionnaire-4eaj,,34158052,BLIND,10091442,,complete,,,computer,Desktop or Laptop,Windows 10,Chrome 120.0.0.0,1536x864,1519x742,,,,Demographics Questionnaire,4,,control,,,,set 2,Controls,ACCEPT,,Controls,No,bilingual-quantised,1
15,1705059561627,12/01/2024 11:39:21,1705059542247,0,12/01/2024 11:39:02,155541,10,questionnaire-4eaj,,34158052,BLIND,10091442,,complete,,,computer,Desktop or Laptop,Windows 10,Chrome 120.0.0.0,1536x864,1519x742,,,,Demographics Questionnaire,4,,control,,,,set 2,Controls,ACCEPT,,Controls,No,bilingual-text,
16,1705059561627,12/01/2024 11:39:21,1705059542247,0,12/01/2024 11:39:02,155541,10,questionnaire-4eaj,,34158052,BLIND,10091442,,complete,,,computer,Desktop or Laptop,Windows 10,Chrome 120.0.0.0,1536x864,1519x742,,,,Demographics Questionnaire,4,,control,,,,set 2,Controls,ACCEPT,,Controls,No,END QUESTIONNAIRE,27937
1,1705155757435,13/01/2024 14:22:37,1705155757336,0,13/01/2024 14:22:37,155541,10,questionnaire-4eaj,,34187183,BLIND,10098034,,complete,,,computer,Desktop or Laptop,Mac OS 10.15.7,Chrome 120.0.0.0,1440x900,1441x605,,,,Demographics Questionnaire,4,,control,,,,set 1,Controls,ACCEPT,,Controls,No,BEGIN QUESTIONNAIRE,
2,1705155804909,13/01/2024 14:23:24,1705155804724,0,13/01/2024 14:23:24,155541,10,questionnaire-4eaj,,34187183,BLIND,10098034,,complete,,,computer,Desktop or Laptop,Mac OS 10.15.7,Chrome 120.0.0.0,1440x900,1441x605,,,,Demographics Questionnaire,4,,control,,,,set 1,Controls,ACCEPT,,Controls,No,Age,19
3,1705155804987,13/01/2024 14:23:24,1705155804726,0,13/01/2024 14:23:24,155541,10,questionnaire-4eaj,,34187183,BLIND,10098034,,complete,,,computer,Desktop or Laptop,Mac OS 10.15.7,Chrome 120.0.0.0,1440x900,1441x605,,,,Demographics Questionnaire,4,,control,,,,set 1,Controls,ACCEPT,,Controls,No,Gender,Woman
4,1705155804987,13/01/2024 14:23:24,1705155804726,0,13/01/2024 14:23:24,155541,10,questionnaire-4eaj,,34187183,BLIND,10098034,,complete,,,computer,Desktop or Laptop,Mac OS 10.15.7,Chrome 120.0.0.0,1440x900,1441x605,,,,Demographics Questionnaire,4,,control,,,,set 1,Controls,ACCEPT,,Controls,No,Gender-quantised,2
5,1705155804987,13/01/2024 14:23:24,1705155804726,0,13/01/2024 14:23:24,155541,10,questionnaire-4eaj,,34187183,BLIND,10098034,,complete,,,computer,Desktop or Laptop,Mac OS 10.15.7,Chrome 120.0.0.0,1440x900,1441x605,,,,Demographics Questionnaire,4,,control,,,,set 1,Controls,ACCEPT,,Controls,No,Gender-text,
6,1705155804987,13/01/2024 14:23:24,1705155804726,0,13/01/2024 14:23:24,155541,10,questionnaire-4eaj,,34187183,BLIND,10098034,,complete,,,computer,Desktop or Laptop,Mac OS 10.15.7,Chrome 120.0.0.0,1440x900,1441x605,,,,Demographics Questionnaire,4,,control,,,,set 1,Controls,ACCEPT,,Controls,No,footedness,Right
7,1705155804987,13/01/2024 14:23:24,1705155804726,0,13/01/2024 14:23:24,155541,10,questionnaire-4eaj,,34187183,BLIND,10098034,,complete,,,computer,Desktop or Laptop,Mac OS 10.15.7,Chrome 120.0.0.0,1440x900,1441x605,,,,Demographics Questionnaire,4,,control,,,,set 1,Controls,ACCEPT,,Controls,No,footedness-quantised,2
8,1705155804987,13/01/2024 14:23:24,1705155804726,0,13/01/2024 14:23:24,155541,10,questionnaire-4eaj,,34187183,BLIND,10098034,,complete,,,computer,Desktop or Laptop,Mac OS 10.15.7,Chrome 120.0.0.0,1440x900,1441x605,,,,Demographics Questionnaire,4,,control,,,,set 1,Controls,ACCEPT,,Controls,No,categorical_hand,Right
9,1705155804987,13/01/2024 14:23:24,1705155804726,0,13/01/2024 14:23:24,155541,10,questionnaire-4eaj,,34187183,BLIND,10098034,,complete,,,computer,Desktop or Laptop,Mac OS 10.15.7,Chrome 120.0.0.0,1440x900,1441x605,,,,Demographics Questionnaire,4,,control,,,,set 1,Controls,ACCEPT,,Controls,No,categorical_hand-quantised,2
10,1705155804987,13/01/2024 14:23:24,1705155804726,0,13/01/2024 14:23:24,155541,10,questionnaire-4eaj,,34187183,BLIND,10098034,,complete,,,computer,Desktop or Laptop,Mac OS 10.15.7,Chrome 120.0.0.0,1440x900,1441x605,,,,Demographics Questionnaire,4,,control,,,,set 1,Controls,ACCEPT,,Controls,No,age_education,Yes
11,1705155804987,13/01/2024 14:23:24,1705155804726,0,13/01/2024 14:23:24,155541,10,questionnaire-4eaj,,34187183,BLIND,10098034,,complete,,,computer,Desktop or Laptop,Mac OS 10.15.7,Chrome 120.0.0.0,1440x900,1441x605,,,,Demographics Questionnaire,4,,control,,,,set 1,Controls,ACCEPT,,Controls,No,age_education-quantised,1
12,1705155804987,13/01/2024 14:23:24,1705155804726,0,13/01/2024 14:23:24,155541,10,questionnaire-4eaj,,34187183,BLIND,10098034,,complete,,,computer,Desktop or Laptop,Mac OS 10.15.7,Chrome 120.0.0.0,1440x900,1441x605,,,,Demographics Questionnaire,4,,control,,,,set 1,Controls,ACCEPT,,Controls,No,age_education-text,
13,1705155804987,13/01/2024 14:23:24,1705155804726,0,13/01/2024 14:23:24,155541,10,questionnaire-4eaj,,34187183,BLIND,10098034,,complete,,,computer,Desktop or Laptop,Mac OS 10.15.7,Chrome 120.0.0.0,1440x900,1441x605,,,,Demographics Questionnaire,4,,control,,,,set 1,Controls,ACCEPT,,Controls,No,bilingual,No
14,1705155804987,13/01/2024 14:23:24,1705155804727,0,13/01/2024 14:23:24,155541,10,questionnaire-4eaj,,34187183,BLIND,10098034,,complete,,,computer,Desktop or Laptop,Mac OS 10.15.7,Chrome 120.0.0.0,1440x900,1441x605,,,,Demographics Questionnaire,4,,control,,,,set 1,Controls,ACCEPT,,Controls,No,bilingual-quantised,1
15,1705155804987,13/01/2024 14:23:24,1705155804727,0,13/01/2024 14:23:24,155541,10,questionnaire-4eaj,,34187183,BLIND,10098034,,complete,,,computer,Desktop or Laptop,Mac OS 10.15.7,Chrome 120.0.0.0,1440x900,1441x605,,,,Demographics Questionnaire,4,,control,,,,set 1,Controls,ACCEPT,,Controls,No,bilingual-text,
16,1705155804987,13/01/2024 14:23:24,1705155804727,0,13/01/2024 14:23:24,155541,10,questionnaire-4eaj,,34187183,BLIND,10098034,,complete,,,computer,Desktop or Laptop,Mac OS 10.15.7,Chrome 120.0.0.0,1440x900,1441x605,,,,Demographics Questionnaire,4,,control,,,,set 1,Controls,ACCEPT,,Controls,No,END QUESTIONNAIRE,47391
1,1705243424128,14/01/2024 14:43:44,1705243424034,0,14/01/2024 14:43:44,155541,10,questionnaire-4eaj,,34197545,BLIND,10101878,,complete,,,computer,Desktop or Laptop,Windows 10,Edge 120.0.0.0,1098x732,1050x618,,,,Demographics Questionnaire,4,,control,,,,set 1,Controls,ACCEPT,,Controls,No,BEGIN QUESTIONNAIRE,
2,1705243439610,14/01/2024 14:43:59,1705243439580,0,14/01/2024 14:43:59,155541,10,questionnaire-4eaj,,34197545,BLIND,10101878,,complete,,,computer,Desktop or Laptop,Windows 10,Edge 120.0.0.0,1098x732,1035x618,,,,Demographics Questionnaire,4,,control,,,,set 1,Controls,ACCEPT,,Controls,No,Age,20
3,1705243439679,14/01/2024 14:43:59,1705243439585,0,14/01/2024 14:43:59,155541,10,questionnaire-4eaj,,34197545,BLIND,10101878,,complete,,,computer,Desktop or Laptop,Windows 10,Edge 120.0.0.0,1098x732,1035x618,,,,Demographics Questionnaire,4,,control,,,,set 1,Controls,ACCEPT,,Controls,No,Gender,Woman
4,1705243439679,14/01/2024 14:43:59,1705243439585,0,14/01/2024 14:43:59,155541,10,questionnaire-4eaj,,34197545,BLIND,10101878,,complete,,,computer,Desktop or Laptop,Windows 10,Edge 120.0.0.0,1098x732,1035x618,,,,Demographics Questionnaire,4,,control,,,,set 1,Controls,ACCEPT,,Controls,No,Gender-quantised,2
5,1705243439679,14/01/2024 14:43:59,1705243439585,0,14/01/2024 14:43:59,155541,10,questionnaire-4eaj,,34197545,BLIND,10101878,,complete,,,computer,Desktop or Laptop,Windows 10,Edge 120.0.0.0,1098x732,1035x618,,,,Demographics Questionnaire,4,,control,,,,set 1,Controls,ACCEPT,,Controls,No,Gender-text,
6,1705243439679,14/01/2024 14:43:59,1705243439585,0,14/01/2024 14:43:59,155541,10,questionnaire-4eaj,,34197545,BLIND,10101878,,complete,,,computer,Desktop or Laptop,Windows 10,Edge 120.0.0.0,1098x732,1035x618,,,,Demographics Questionnaire,4,,control,,,,set 1,Controls,ACCEPT,,Controls,No,footedness,Right
7,1705243439679,14/01/2024 14:43:59,1705243439586,0,14/01/2024 14:43:59,155541,10,questionnaire-4eaj,,34197545,BLIND,10101878,,complete,,,computer,Desktop or Laptop,Windows 10,Edge 120.0.0.0,1098x732,1035x618,,,,Demographics Questionnaire,4,,control,,,,set 1,Controls,ACCEPT,,Controls,No,footedness-quantised,2
8,1705243439679,14/01/2024 14:43:59,1705243439588,0,14/01/2024 14:43:59,155541,10,questionnaire-4eaj,,34197545,BLIND,10101878,,complete,,,computer,Desktop or Laptop,Windows 10,Edge 120.0.0.0,1098x732,1035x618,,,,Demographics Questionnaire,4,,control,,,,set 1,Controls,ACCEPT,,Controls,No,categorical_hand,Right
9,1705243439679,14/01/2024 14:43:59,1705243439589,0,14/01/2024 14:43:59,155541,10,questionnaire-4eaj,,34197545,BLIND,10101878,,complete,,,computer,Desktop or Laptop,Windows 10,Edge 120.0.0.0,1098x732,1035x618,,,,Demographics Questionnaire,4,,control,,,,set 1,Controls,ACCEPT,,Controls,No,categorical_hand-quantised,2
10,1705243439679,14/01/2024 14:43:59,1705243439589,0,14/01/2024 14:43:59,155541,10,questionnaire-4eaj,,34197545,BLIND,10101878,,complete,,,computer,Desktop or Laptop,Windows 10,Edge 120.0.0.0,1098x732,1035x618,,,,Demographics Questionnaire,4,,control,,,,set 1,Controls,ACCEPT,,Controls,No,age_education,Yes
11,1705243439679,14/01/2024 14:43:59,1705243439590,0,14/01/2024 14:43:59,155541,10,questionnaire-4eaj,,34197545,BLIND,10101878,,complete,,,computer,Desktop or Laptop,Windows 10,Edge 120.0.0.0,1098x732,1035x618,,,,Demographics Questionnaire,4,,control,,,,set 1,Controls,ACCEPT,,Controls,No,age_education-quantised,1
12,1705243439679,14/01/2024 14:43:59,1705243439590,0,14/01/2024 14:43:59,155541,10,questionnaire-4eaj,,34197545,BLIND,10101878,,complete,,,computer,Desktop or Laptop,Windows 10,Edge 120.0.0.0,1098x732,1035x618,,,,Demographics Questionnaire,4,,control,,,,set 1,Controls,ACCEPT,,Controls,No,age_education-text,
13,1705243439679,14/01/2024 14:43:59,1705243439591,0,14/01/2024 14:43:59,155541,10,questionnaire-4eaj,,34197545,BLIND,10101878,,complete,,,computer,Desktop or Laptop,Windows 10,Edge 120.0.0.0,1098x732,1035x618,,,,Demographics Questionnaire,4,,control,,,,set 1,Controls,ACCEPT,,Controls,No,bilingual,No
14,1705243439679,14/01/2024 14:43:59,1705243439591,0,14/01/2024 14:43:59,155541,10,questionnaire-4eaj,,34197545,BLIND,10101878,,complete,,,computer,Desktop or Laptop,Windows 10,Edge 120.0.0.0,1098x732,1035x618,,,,Demographics Questionnaire,4,,control,,,,set 1,Controls,ACCEPT,,Controls,No,bilingual-quantised,1
15,1705243439679,14/01/2024 14:43:59,1705243439592,0,14/01/2024 14:43:59,155541,10,questionnaire-4eaj,,34197545,BLIND,10101878,,complete,,,computer,Desktop or Laptop,Windows 10,Edge 120.0.0.0,1098x732,1035x618,,,,Demographics Questionnaire,4,,control,,,,set 1,Controls,ACCEPT,,Controls,No,bilingual-text,
16,1705243439679,14/01/2024 14:43:59,1705243439592,0,14/01/2024 14:43:59,155541,10,questionnaire-4eaj,,34197545,BLIND,10101878,,complete,,,computer,Desktop or Laptop,Windows 10,Edge 120.0.0.0,1098x732,1035x618,,,,Demographics Questionnaire,4,,control,,,,set 1,Controls,ACCEPT,,Controls,No,END QUESTIONNAIRE,15558
1,1705252727732,14/01/2024 17:18:47,1705252727610,0,14/01/2024 17:18:47,155541,10,questionnaire-4eaj,,34200551,BLIND,10102711,,complete,,,computer,Desktop or Laptop,Mac OS 10.15.7,Safari 16.3,1024x1366,1366x917,,,,Demographics Questionnaire,4,,multiple,,,set 1,,Neurodiverse,,ACCEPT,Neurodiverse,No,BEGIN QUESTIONNAIRE,
2,1705252749868,14/01/2024 17:19:09,1705252749760,0,14/01/2024 17:19:09,155541,10,questionnaire-4eaj,,34200551,BLIND,10102711,,complete,,,computer,Desktop or Laptop,Mac OS 10.15.7,Safari 16.3,1024x1366,1366x917,,,,Demographics Questionnaire,4,,multiple,,,set 1,,Neurodiverse,,ACCEPT,Neurodiverse,No,Age,18
3,1705252749952,14/01/2024 17:19:09,1705252749764,0,14/01/2024 17:19:09,155541,10,questionnaire-4eaj,,34200551,BLIND,10102711,,complete,,,computer,Desktop or Laptop,Mac OS 10.15.7,Safari 16.3,1024x1366,1366x917,,,,Demographics Questionnaire,4,,multiple,,,set 1,,Neurodiverse,,ACCEPT,Neurodiverse,No,Gender,Woman
4,1705252749952,14/01/2024 17:19:09,1705252749764,0,14/01/2024 17:19:09,155541,10,questionnaire-4eaj,,34200551,BLIND,10102711,,complete,,,computer,Desktop or Laptop,Mac OS 10.15.7,Safari 16.3,1024x1366,1366x917,,,,Demographics Questionnaire,4,,multiple,,,set 1,,Neurodiverse,,ACCEPT,Neurodiverse,No,Gender-quantised,2
5,1705252749952,14/01/2024 17:19:09,1705252749764,0,14/01/2024 17:19:09,155541,10,questionnaire-4eaj,,34200551,BLIND,10102711,,complete,,,computer,Desktop or Laptop,Mac OS 10.15.7,Safari 16.3,1024x1366,1366x917,,,,Demographics Questionnaire,4,,multiple,,,set 1,,Neurodiverse,,ACCEPT,Neurodiverse,No,Gender-text,
6,1705252749952,14/01/2024 17:19:09,1705252749764,0,14/01/2024 17:19:09,155541,10,questionnaire-4eaj,,34200551,BLIND,10102711,,complete,,,computer,Desktop or Laptop,Mac OS 10.15.7,Safari 16.3,1024x1366,1366x917,,,,Demographics Questionnaire,4,,multiple,,,set 1,,Neurodiverse,,ACCEPT,Neurodiverse,No,footedness,Left
7,1705252749952,14/01/2024 17:19:09,1705252749764,0,14/01/2024 17:19:09,155541,10,questionnaire-4eaj,,34200551,BLIND,10102711,,complete,,,computer,Desktop or Laptop,Mac OS 10.15.7,Safari 16.3,1024x1366,1366x917,,,,Demographics Questionnaire,4,,multiple,,,set 1,,Neurodiverse,,ACCEPT,Neurodiverse,No,footedness-quantised,1
8,1705252749952,14/01/2024 17:19:09,1705252749764,0,14/01/2024 17:19:09,155541,10,questionnaire-4eaj,,34200551,BLIND,10102711,,complete,,,computer,Desktop or Laptop,Mac OS 10.15.7,Safari 16.3,1024x1366,1366x917,,,,Demographics Questionnaire,4,,multiple,,,set 1,,Neurodiverse,,ACCEPT,Neurodiverse,No,categorical_hand,Left
9,1705252749952,14/01/2024 17:19:09,1705252749764,0,14/01/2024 17:19:09,155541,10,questionnaire-4eaj,,34200551,BLIND,10102711,,complete,,,computer,Desktop or Laptop,Mac OS 10.15.7,Safari 16.3,1024x1366,1366x917,,,,Demographics Questionnaire,4,,multiple,,,set 1,,Neurodiverse,,ACCEPT,Neurodiverse,No,categorical_hand-quantised,1
10,1705252749952,14/01/2024 17:19:09,1705252749764,0,14/01/2024 17:19:09,155541,10,questionnaire-4eaj,,34200551,BLIND,10102711,,complete,,,computer,Desktop or Laptop,Mac OS 10.15.7,Safari 16.3,1024x1366,1366x917,,,,Demographics Questionnaire,4,,multiple,,,set 1,,Neurodiverse,,ACCEPT,Neurodiverse,No,age_education,Yes
11,1705252749952,14/01/2024 17:19:09,1705252749765,0,14/01/2024 17:19:09,155541,10,questionnaire-4eaj,,34200551,BLIND,10102711,,complete,,,computer,Desktop or Laptop,Mac OS 10.15.7,Safari 16.3,1024x1366,1366x917,,,,Demographics Questionnaire,4,,multiple,,,set 1,,Neurodiverse,,ACCEPT,Neurodiverse,No,age_education-quantised,1
12,1705252749952,14/01/2024 17:19:09,1705252749765,0,14/01/2024 17:19:09,155541,10,questionnaire-4eaj,,34200551,BLIND,10102711,,complete,,,computer,Desktop or Laptop,Mac OS 10.15.7,Safari 16.3,1024x1366,1366x917,,,,Demographics Questionnaire,4,,multiple,,,set 1,,Neurodiverse,,ACCEPT,Neurodiverse,No,age_education-text,
13,1705252749952,14/01/2024 17:19:09,1705252749765,0,14/01/2024 17:19:09,155541,10,questionnaire-4eaj,,34200551,BLIND,10102711,,complete,,,computer,Desktop or Laptop,Mac OS 10.15.7,Safari 16.3,1024x1366,1366x917,,,,Demographics Questionnaire,4,,multiple,,,set 1,,Neurodiverse,,ACCEPT,Neurodiverse,No,bilingual,No
14,1705252749952,14/01/2024 17:19:09,1705252749765,0,14/01/2024 17:19:09,155541,10,questionnaire-4eaj,,34200551,BLIND,10102711,,complete,,,computer,Desktop or Laptop,Mac OS 10.15.7,Safari 16.3,1024x1366,1366x917,,,,Demographics Questionnaire,4,,multiple,,,set 1,,Neurodiverse,,ACCEPT,Neurodiverse,No,bilingual-quantised,1
15,1705252749952,14/01/2024 17:19:09,1705252749765,0,14/01/2024 17:19:09,155541,10,questionnaire-4eaj,,34200551,BLIND,10102711,,complete,,,computer,Desktop or Laptop,Mac OS 10.15.7,Safari 16.3,1024x1366,1366x917,,,,Demographics Questionnaire,4,,multiple,,,set 1,,Neurodiverse,,ACCEPT,Neurodiverse,No,bilingual-text,
16,1705252749952,14/01/2024 17:19:09,1705252749765,0,14/01/2024 17:19:09,155541,10,questionnaire-4eaj,,34200551,BLIND,10102711,,complete,,,computer,Desktop or Laptop,Mac OS 10.15.7,Safari 16.3,1024x1366,1366x917,,,,Demographics Questionnaire,4,,multiple,,,set 1,,Neurodiverse,,ACCEPT,Neurodiverse,No,END QUESTIONNAIRE,22155
1,1705314704075,15/01/2024 10:31:44,1705314703914,0,15/01/2024 10:31:43,155541,10,questionnaire-4eaj,,34209875,BLIND,10105696,,complete,,,computer,Desktop or Laptop,Windows 10,Edge 120.0.0.0,1920x1080,1872x958,,,,Demographics Questionnaire,4,,asd,,set 1,,,Neurodiverse,,ACCEPT,Neurodiverse,No,BEGIN QUESTIONNAIRE,
2,1705314732057,15/01/2024 10:32:12,1705314731857,0,15/01/2024 10:32:11,155541,10,questionnaire-4eaj,,34209875,BLIND,10105696,,complete,,,computer,Desktop or Laptop,Windows 10,Edge 120.0.0.0,1920x1080,1872x958,,,,Demographics Questionnaire,4,,asd,,set 1,,,Neurodiverse,,ACCEPT,Neurodiverse,No,Age,18
3,1705314732110,15/01/2024 10:32:12,1705314731858,0,15/01/2024 10:32:11,155541,10,questionnaire-4eaj,,34209875,BLIND,10105696,,complete,,,computer,Desktop or Laptop,Windows 10,Edge 120.0.0.0,1920x1080,1872x958,,,,Demographics Questionnaire,4,,asd,,set 1,,,Neurodiverse,,ACCEPT,Neurodiverse,No,Gender,Man
4,1705314732110,15/01/2024 10:32:12,1705314731859,0,15/01/2024 10:32:11,155541,10,questionnaire-4eaj,,34209875,BLIND,10105696,,complete,,,computer,Desktop or Laptop,Windows 10,Edge 120.0.0.0,1920x1080,1872x958,,,,Demographics Questionnaire,4,,asd,,set 1,,,Neurodiverse,,ACCEPT,Neurodiverse,No,Gender-quantised,1
5,1705314732110,15/01/2024 10:32:12,1705314731859,0,15/01/2024 10:32:11,155541,10,questionnaire-4eaj,,34209875,BLIND,10105696,,complete,,,computer,Desktop or Laptop,Windows 10,Edge 120.0.0.0,1920x1080,1872x958,,,,Demographics Questionnaire,4,,asd,,set 1,,,Neurodiverse,,ACCEPT,Neurodiverse,No,Gender-text,
6,1705314732110,15/01/2024 10:32:12,1705314731859,0,15/01/2024 10:32:11,155541,10,questionnaire-4eaj,,34209875,BLIND,10105696,,complete,,,computer,Desktop or Laptop,Windows 10,Edge 120.0.0.0,1920x1080,1872x958,,,,Demographics Questionnaire,4,,asd,,set 1,,,Neurodiverse,,ACCEPT,Neurodiverse,No,footedness,Right
7,1705314732110,15/01/2024 10:32:12,1705314731859,0,15/01/2024 10:32:11,155541,10,questionnaire-4eaj,,34209875,BLIND,10105696,,complete,,,computer,Desktop or Laptop,Windows 10,Edge 120.0.0.0,1920x1080,1872x958,,,,Demographics Questionnaire,4,,asd,,set 1,,,Neurodiverse,,ACCEPT,Neurodiverse,No,footedness-quantised,2
8,1705314732110,15/01/2024 10:32:12,1705314731859,0,15/01/2024 10:32:11,155541,10,questionnaire-4eaj,,34209875,BLIND,10105696,,complete,,,computer,Desktop or Laptop,Windows 10,Edge 120.0.0.0,1920x1080,1872x958,,,,Demographics Questionnaire,4,,asd,,set 1,,,Neurodiverse,,ACCEPT,Neurodiverse,No,categorical_hand,Right
9,1705314732110,15/01/2024 10:32:12,1705314731859,0,15/01/2024 10:32:11,155541,10,questionnaire-4eaj,,34209875,BLIND,10105696,,complete,,,computer,Desktop or Laptop,Windows 10,Edge 120.0.0.0,1920x1080,1872x958,,,,Demographics Questionnaire,4,,asd,,set 1,,,Neurodiverse,,ACCEPT,Neurodiverse,No,categorical_hand-quantised,2
10,1705314732110,15/01/2024 10:32:12,1705314731859,0,15/01/2024 10:32:11,155541,10,questionnaire-4eaj,,34209875,BLIND,10105696,,complete,,,computer,Desktop or Laptop,Windows 10,Edge 120.0.0.0,1920x1080,1872x958,,,,Demographics Questionnaire,4,,asd,,set 1,,,Neurodiverse,,ACCEPT,Neurodiverse,No,age_education,Yes
11,1705314732110,15/01/2024 10:32:12,1705314731859,0,15/01/2024 10:32:11,155541,10,questionnaire-4eaj,,34209875,BLIND,10105696,,complete,,,computer,Desktop or Laptop,Windows 10,Edge 120.0.0.0,1920x1080,1872x958,,,,Demographics Questionnaire,4,,asd,,set 1,,,Neurodiverse,,ACCEPT,Neurodiverse,No,age_education-quantised,1
12,1705314732110,15/01/2024 10:32:12,1705314731859,0,15/01/2024 10:32:11,155541,10,questionnaire-4eaj,,34209875,BLIND,10105696,,complete,,,computer,Desktop or Laptop,Windows 10,Edge 120.0.0.0,1920x1080,1872x958,,,,Demographics Questionnaire,4,,asd,,set 1,,,Neurodiverse,,ACCEPT,Neurodiverse,No,age_education-text,
13,1705314732110,15/01/2024 10:32:12,1705314731859,0,15/01/2024 10:32:11,155541,10,questionnaire-4eaj,,34209875,BLIND,10105696,,complete,,,computer,Desktop or Laptop,Windows 10,Edge 120.0.0.0,1920x1080,1872x958,,,,Demographics Questionnaire,4,,asd,,set 1,,,Neurodiverse,,ACCEPT,Neurodiverse,No,bilingual,Yes. My strongest language is:
14,1705314732110,15/01/2024 10:32:12,1705314731859,0,15/01/2024 10:32:11,155541,10,questionnaire-4eaj,,34209875,BLIND,10105696,,complete,,,computer,Desktop or Laptop,Windows 10,Edge 120.0.0.0,1920x1080,1872x958,,,,Demographics Questionnaire,4,,asd,,set 1,,,Neurodiverse,,ACCEPT,Neurodiverse,No,bilingual-text,English
15,1705314732110,15/01/2024 10:32:12,1705314731860,0,15/01/2024 10:32:11,155541,10,questionnaire-4eaj,,34209875,BLIND,10105696,,complete,,,computer,Desktop or Laptop,Windows 10,Edge 120.0.0.0,1920x1080,1872x958,,,,Demographics Questionnaire,4,,asd,,set 1,,,Neurodiverse,,ACCEPT,Neurodiverse,No,END QUESTIONNAIRE,27946
1,1705345162384,15/01/2024 18:59:22,1705345162555,0,15/01/2024 18:59:22,155541,10,questionnaire-4eaj,,34230080,BLIND,10111036,,complete,,,computer,Desktop or Laptop,Windows 10,Chrome 120.0.0.0,1280x720,1280x551,,,,Demographics Questionnaire,4,,control,,,,set 2,Controls,ACCEPT,,Controls,No,BEGIN QUESTIONNAIRE,
2,1705345217857,15/01/2024 19:00:17,1705345218074,0,15/01/2024 19:00:18,155541,10,questionnaire-4eaj,,34230080,BLIND,10111036,,complete,,,computer,Desktop or Laptop,Windows 10,Chrome 120.0.0.0,1280x720,1263x551,,,,Demographics Questionnaire,4,,control,,,,set 2,Controls,ACCEPT,,Controls,No,Age,19
3,1705345217922,15/01/2024 19:00:17,1705345218075,0,15/01/2024 19:00:18,155541,10,questionnaire-4eaj,,34230080,BLIND,10111036,,complete,,,computer,Desktop or Laptop,Windows 10,Chrome 120.0.0.0,1280x720,1263x551,,,,Demographics Questionnaire,4,,control,,,,set 2,Controls,ACCEPT,,Controls,No,Gender,Other (please specify)
4,1705345217922,15/01/2024 19:00:17,1705345218075,0,15/01/2024 19:00:18,155541,10,questionnaire-4eaj,,34230080,BLIND,10111036,,complete,,,computer,Desktop or Laptop,Windows 10,Chrome 120.0.0.0,1280x720,1263x551,,,,Demographics Questionnaire,4,,control,,,,set 2,Controls,ACCEPT,,Controls,No,Gender-text,Non-binary
5,1705345217922,15/01/2024 19:00:17,1705345218075,0,15/01/2024 19:00:18,155541,10,questionnaire-4eaj,,34230080,BLIND,10111036,,complete,,,computer,Desktop or Laptop,Windows 10,Chrome 120.0.0.0,1280x720,1263x551,,,,Demographics Questionnaire,4,,control,,,,set 2,Controls,ACCEPT,,Controls,No,footedness,Right
6,1705345217922,15/01/2024 19:00:17,1705345218075,0,15/01/2024 19:00:18,155541,10,questionnaire-4eaj,,34230080,BLIND,10111036,,complete,,,computer,Desktop or Laptop,Windows 10,Chrome 120.0.0.0,1280x720,1263x551,,,,Demographics Questionnaire,4,,control,,,,set 2,Controls,ACCEPT,,Controls,No,footedness-quantised,2
7,1705345217922,15/01/2024 19:00:17,1705345218075,0,15/01/2024 19:00:18,155541,10,questionnaire-4eaj,,34230080,BLIND,10111036,,complete,,,computer,Desktop or Laptop,Windows 10,Chrome 120.0.0.0,1280x720,1263x551,,,,Demographics Questionnaire,4,,control,,,,set 2,Controls,ACCEPT,,Controls,No,categorical_hand,Right
8,1705345217922,15/01/2024 19:00:17,1705345218075,0,15/01/2024 19:00:18,155541,10,questionnaire-4eaj,,34230080,BLIND,10111036,,complete,,,computer,Desktop or Laptop,Windows 10,Chrome 120.0.0.0,1280x720,1263x551,,,,Demographics Questionnaire,4,,control,,,,set 2,Controls,ACCEPT,,Controls,No,categorical_hand-quantised,2
9,1705345217922,15/01/2024 19:00:17,1705345218075,0,15/01/2024 19:00:18,155541,10,questionnaire-4eaj,,34230080,BLIND,10111036,,complete,,,computer,Desktop or Laptop,Windows 10,Chrome 120.0.0.0,1280x720,1263x551,,,,Demographics Questionnaire,4,,control,,,,set 2,Controls,ACCEPT,,Controls,No,age_education,Yes
10,1705345217922,15/01/2024 19:00:17,1705345218075,0,15/01/2024 19:00:18,155541,10,questionnaire-4eaj,,34230080,BLIND,10111036,,complete,,,computer,Desktop or Laptop,Windows 10,Chrome 120.0.0.0,1280x720,1263x551,,,,Demographics Questionnaire,4,,control,,,,set 2,Controls,ACCEPT,,Controls,No,age_education-quantised,1
11,1705345217922,15/01/2024 19:00:17,1705345218076,0,15/01/2024 19:00:18,155541,10,questionnaire-4eaj,,34230080,BLIND,10111036,,complete,,,computer,Desktop or Laptop,Windows 10,Chrome 120.0.0.0,1280x720,1263x551,,,,Demographics Questionnaire,4,,control,,,,set 2,Controls,ACCEPT,,Controls,No,age_education-text,
12,1705345217922,15/01/2024 19:00:17,1705345218076,0,15/01/2024 19:00:18,155541,10,questionnaire-4eaj,,34230080,BLIND,10111036,,complete,,,computer,Desktop or Laptop,Windows 10,Chrome 120.0.0.0,1280x720,1263x551,,,,Demographics Questionnaire,4,,control,,,,set 2,Controls,ACCEPT,,Controls,No,bilingual,No
13,1705345217922,15/01/2024 19:00:17,1705345218076,0,15/01/2024 19:00:18,155541,10,questionnaire-4eaj,,34230080,BLIND,10111036,,complete,,,computer,Desktop or Laptop,Windows 10,Chrome 120.0.0.0,1280x720,1263x551,,,,Demographics Questionnaire,4,,control,,,,set 2,Controls,ACCEPT,,Controls,No,bilingual-quantised,1
14,1705345217922,15/01/2024 19:00:17,1705345218076,0,15/01/2024 19:00:18,155541,10,questionnaire-4eaj,,34230080,BLIND,10111036,,complete,,,computer,Desktop or Laptop,Windows 10,Chrome 120.0.0.0,1280x720,1263x551,,,,Demographics Questionnaire,4,,control,,,,set 2,Controls,ACCEPT,,Controls,No,bilingual-text,
15,1705345217922,15/01/2024 19:00:17,1705345218076,0,15/01/2024 19:00:18,155541,10,questionnaire-4eaj,,34230080,BLIND,10111036,,complete,,,computer,Desktop or Laptop,Windows 10,Chrome 120.0.0.0,1280x720,1263x551,,,,Demographics Questionnaire,4,,control,,,,set 2,Controls,ACCEPT,,Controls,No,END QUESTIONNAIRE,55521
1,1705400942864,16/01/2024 10:29:02,1705400943204,0,16/01/2024 10:29:03,155541,10,questionnaire-4eaj,,34243751,BLIND,10114510,,complete,,,computer,Desktop or Laptop,Windows 10,Chrome 120.0.0.0,1280x720,1280x559,,,,Demographics Questionnaire,4,,control,,,,set 2,Controls,ACCEPT,,Controls,No,BEGIN QUESTIONNAIRE,
2,1705400964964,16/01/2024 10:29:24,1705400965351,0,16/01/2024 10:29:25,155541,10,questionnaire-4eaj,,34243751,BLIND,10114510,,complete,,,computer,Desktop or Laptop,Windows 10,Chrome 120.0.0.0,1280x720,1263x559,,,,Demographics Questionnaire,4,,control,,,,set 2,Controls,ACCEPT,,Controls,No,Age,19
3,1705400965041,16/01/2024 10:29:25,1705400965353,0,16/01/2024 10:29:25,155541,10,questionnaire-4eaj,,34243751,BLIND,10114510,,complete,,,computer,Desktop or Laptop,Windows 10,Chrome 120.0.0.0,1280x720,1263x559,,,,Demographics Questionnaire,4,,control,,,,set 2,Controls,ACCEPT,,Controls,No,Gender,Prefer not to say
4,1705400965041,16/01/2024 10:29:25,1705400965353,0,16/01/2024 10:29:25,155541,10,questionnaire-4eaj,,34243751,BLIND,10114510,,complete,,,computer,Desktop or Laptop,Windows 10,Chrome 120.0.0.0,1280x720,1263x559,,,,Demographics Questionnaire,4,,control,,,,set 2,Controls,ACCEPT,,Controls,No,Gender-quantised,3
5,1705400965041,16/01/2024 10:29:25,1705400965353,0,16/01/2024 10:29:25,155541,10,questionnaire-4eaj,,34243751,BLIND,10114510,,complete,,,computer,Desktop or Laptop,Windows 10,Chrome 120.0.0.0,1280x720,1263x559,,,,Demographics Questionnaire,4,,control,,,,set 2,Controls,ACCEPT,,Controls,No,Gender-text,
6,1705400965041,16/01/2024 10:29:25,1705400965353,0,16/01/2024 10:29:25,155541,10,questionnaire-4eaj,,34243751,BLIND,10114510,,complete,,,computer,Desktop or Laptop,Windows 10,Chrome 120.0.0.0,1280x720,1263x559,,,,Demographics Questionnaire,4,,control,,,,set 2,Controls,ACCEPT,,Controls,No,footedness,Right
7,1705400965041,16/01/2024 10:29:25,1705400965353,0,16/01/2024 10:29:25,155541,10,questionnaire-4eaj,,34243751,BLIND,10114510,,complete,,,computer,Desktop or Laptop,Windows 10,Chrome 120.0.0.0,1280x720,1263x559,,,,Demographics Questionnaire,4,,control,,,,set 2,Controls,ACCEPT,,Controls,No,footedness-quantised,2
8,1705400965041,16/01/2024 10:29:25,1705400965353,0,16/01/2024 10:29:25,155541,10,questionnaire-4eaj,,34243751,BLIND,10114510,,complete,,,computer,Desktop or Laptop,Windows 10,Chrome 120.0.0.0,1280x720,1263x559,,,,Demographics Questionnaire,4,,control,,,,set 2,Controls,ACCEPT,,Controls,No,categorical_hand,Right
9,1705400965041,16/01/2024 10:29:25,1705400965353,0,16/01/2024 10:29:25,155541,10,questionnaire-4eaj,,34243751,BLIND,10114510,,complete,,,computer,Desktop or Laptop,Windows 10,Chrome 120.0.0.0,1280x720,1263x559,,,,Demographics Questionnaire,4,,control,,,,set 2,Controls,ACCEPT,,Controls,No,categorical_hand-quantised,2
10,1705400965041,16/01/2024 10:29:25,1705400965353,0,16/01/2024 10:29:25,155541,10,questionnaire-4eaj,,34243751,BLIND,10114510,,complete,,,computer,Desktop or Laptop,Windows 10,Chrome 120.0.0.0,1280x720,1263x559,,,,Demographics Questionnaire,4,,control,,,,set 2,Controls,ACCEPT,,Controls,No,age_education,Yes
11,1705400965041,16/01/2024 10:29:25,1705400965354,0,16/01/2024 10:29:25,155541,10,questionnaire-4eaj,,34243751,BLIND,10114510,,complete,,,computer,Desktop or Laptop,Windows 10,Chrome 120.0.0.0,1280x720,1263x559,,,,Demographics Questionnaire,4,,control,,,,set 2,Controls,ACCEPT,,Controls,No,age_education-quantised,1
12,1705400965041,16/01/2024 10:29:25,1705400965354,0,16/01/2024 10:29:25,155541,10,questionnaire-4eaj,,34243751,BLIND,10114510,,complete,,,computer,Desktop or Laptop,Windows 10,Chrome 120.0.0.0,1280x720,1263x559,,,,Demographics Questionnaire,4,,control,,,,set 2,Controls,ACCEPT,,Controls,No,age_education-text,
13,1705400965041,16/01/2024 10:29:25,1705400965354,0,16/01/2024 10:29:25,155541,10,questionnaire-4eaj,,34243751,BLIND,10114510,,complete,,,computer,Desktop or Laptop,Windows 10,Chrome 120.0.0.0,1280x720,1263x559,,,,Demographics Questionnaire,4,,control,,,,set 2,Controls,ACCEPT,,Controls,No,bilingual,Yes. My strongest language is:
14,1705400965041,16/01/2024 10:29:25,1705400965354,0,16/01/2024 10:29:25,155541,10,questionnaire-4eaj,,34243751,BLIND,10114510,,complete,,,computer,Desktop or Laptop,Windows 10,Chrome 120.0.0.0,1280x720,1263x559,,,,Demographics Questionnaire,4,,control,,,,set 2,Controls,ACCEPT,,Controls,No,bilingual-text,English
15,1705400965041,16/01/2024 10:29:25,1705400965354,0,16/01/2024 10:29:25,155541,10,questionnaire-4eaj,,34243751,BLIND,10114510,,complete,,,computer,Desktop or Laptop,Windows 10,Chrome 120.0.0.0,1280x720,1263x559,,,,Demographics Questionnaire,4,,control,,,,set 2,Controls,ACCEPT,,Controls,No,END QUESTIONNAIRE,22150
1,1705452776575,17/01/2024 00:52:56,1705452776450,0,17/01/2024 00:52:56,155541,10,questionnaire-4eaj,,34268101,BLIND,10122239,,complete,,,computer,Desktop or Laptop,Mac OS 10.15.7,Safari 16.4.1,1680x1050,1680x970,,,,Demographics Questionnaire,4,,control,,,,set 1,Controls,ACCEPT,,Controls,No,BEGIN QUESTIONNAIRE,
2,1705452792319,17/01/2024 00:53:12,1705452792257,0,17/01/2024 00:53:12,155541,10,questionnaire-4eaj,,34268101,BLIND,10122239,,complete,,,computer,Desktop or Laptop,Mac OS 10.15.7,Safari 16.4.1,1680x1050,1680x970,,,,Demographics Questionnaire,4,,control,,,,set 1,Controls,ACCEPT,,Controls,No,Age,18
3,1705452792371,17/01/2024 00:53:12,1705452792259,0,17/01/2024 00:53:12,155541,10,questionnaire-4eaj,,34268101,BLIND,10122239,,complete,,,computer,Desktop or Laptop,Mac OS 10.15.7,Safari 16.4.1,1680x1050,1680x970,,,,Demographics Questionnaire,4,,control,,,,set 1,Controls,ACCEPT,,Controls,No,Gender,Woman
4,1705452792371,17/01/2024 00:53:12,1705452792259,0,17/01/2024 00:53:12,155541,10,questionnaire-4eaj,,34268101,BLIND,10122239,,complete,,,computer,Desktop or Laptop,Mac OS 10.15.7,Safari 16.4.1,1680x1050,1680x970,,,,Demographics Questionnaire,4,,control,,,,set 1,Controls,ACCEPT,,Controls,No,Gender-quantised,2
5,1705452792371,17/01/2024 00:53:12,1705452792259,0,17/01/2024 00:53:12,155541,10,questionnaire-4eaj,,34268101,BLIND,10122239,,complete,,,computer,Desktop or Laptop,Mac OS 10.15.7,Safari 16.4.1,1680x1050,1680x970,,,,Demographics Questionnaire,4,,control,,,,set 1,Controls,ACCEPT,,Controls,No,Gender-text,
6,1705452792371,17/01/2024 00:53:12,1705452792259,0,17/01/2024 00:53:12,155541,10,questionnaire-4eaj,,34268101,BLIND,10122239,,complete,,,computer,Desktop or Laptop,Mac OS 10.15.7,Safari 16.4.1,1680x1050,1680x970,,,,Demographics Questionnaire,4,,control,,,,set 1,Controls,ACCEPT,,Controls,No,footedness,Left
7,1705452792371,17/01/2024 00:53:12,1705452792259,0,17/01/2024 00:53:12,155541,10,questionnaire-4eaj,,34268101,BLIND,10122239,,complete,,,computer,Desktop or Laptop,Mac OS 10.15.7,Safari 16.4.1,1680x1050,1680x970,,,,Demographics Questionnaire,4,,control,,,,set 1,Controls,ACCEPT,,Controls,No,footedness-quantised,1
8,1705452792371,17/01/2024 00:53:12,1705452792259,0,17/01/2024 00:53:12,155541,10,questionnaire-4eaj,,34268101,BLIND,10122239,,complete,,,computer,Desktop or Laptop,Mac OS 10.15.7,Safari 16.4.1,1680x1050,1680x970,,,,Demographics Questionnaire,4,,control,,,,set 1,Controls,ACCEPT,,Controls,No,categorical_hand,Right
9,1705452792371,17/01/2024 00:53:12,1705452792259,0,17/01/2024 00:53:12,155541,10,questionnaire-4eaj,,34268101,BLIND,10122239,,complete,,,computer,Desktop or Laptop,Mac OS 10.15.7,Safari 16.4.1,1680x1050,1680x970,,,,Demographics Questionnaire,4,,control,,,,set 1,Controls,ACCEPT,,Controls,No,categorical_hand-quantised,2
10,1705452792371,17/01/2024 00:53:12,1705452792259,0,17/01/2024 00:53:12,155541,10,questionnaire-4eaj,,34268101,BLIND,10122239,,complete,,,computer,Desktop or Laptop,Mac OS 10.15.7,Safari 16.4.1,1680x1050,1680x970,,,,Demographics Questionnaire,4,,control,,,,set 1,Controls,ACCEPT,,Controls,No,age_education,Yes
11,1705452792371,17/01/2024 00:53:12,1705452792259,0,17/01/2024 00:53:12,155541,10,questionnaire-4eaj,,34268101,BLIND,10122239,,complete,,,computer,Desktop or Laptop,Mac OS 10.15.7,Safari 16.4.1,1680x1050,1680x970,,,,Demographics Questionnaire,4,,control,,,,set 1,Controls,ACCEPT,,Controls,No,age_education-quantised,1
12,1705452792371,17/01/2024 00:53:12,1705452792259,0,17/01/2024 00:53:12,155541,10,questionnaire-4eaj,,34268101,BLIND,10122239,,complete,,,computer,Desktop or Laptop,Mac OS 10.15.7,Safari 16.4.1,1680x1050,1680x970,,,,Demographics Questionnaire,4,,control,,,,set 1,Controls,ACCEPT,,Controls,No,age_education-text,
13,1705452792371,17/01/2024 00:53:12,1705452792260,0,17/01/2024 00:53:12,155541,10,questionnaire-4eaj,,34268101,BLIND,10122239,,complete,,,computer,Desktop or Laptop,Mac OS 10.15.7,Safari 16.4.1,1680x1050,1680x970,,,,Demographics Questionnaire,4,,control,,,,set 1,Controls,ACCEPT,,Controls,No,bilingual,No
14,1705452792371,17/01/2024 00:53:12,1705452792260,0,17/01/2024 00:53:12,155541,10,questionnaire-4eaj,,34268101,BLIND,10122239,,complete,,,computer,Desktop or Laptop,Mac OS 10.15.7,Safari 16.4.1,1680x1050,1680x970,,,,Demographics Questionnaire,4,,control,,,,set 1,Controls,ACCEPT,,Controls,No,bilingual-quantised,1
15,1705452792371,17/01/2024 00:53:12,1705452792260,0,17/01/2024 00:53:12,155541,10,questionnaire-4eaj,,34268101,BLIND,10122239,,complete,,,computer,Desktop or Laptop,Mac OS 10.15.7,Safari 16.4.1,1680x1050,1680x970,,,,Demographics Questionnaire,4,,control,,,,set 1,Controls,ACCEPT,,Controls,No,bilingual-text,
16,1705452792371,17/01/2024 00:53:12,1705452792260,0,17/01/2024 00:53:12,155541,10,questionnaire-4eaj,,34268101,BLIND,10122239,,complete,,,computer,Desktop or Laptop,Mac OS 10.15.7,Safari 16.4.1,1680x1050,1680x970,,,,Demographics Questionnaire,4,,control,,,,set 1,Controls,ACCEPT,,Controls,No,END QUESTIONNAIRE,15810
1,1705495466881,17/01/2024 12:44:26,1705495466683,0,17/01/2024 12:44:26,155541,10,questionnaire-4eaj,,34276012,BLIND,10124858,,complete,,,computer,Desktop or Laptop,Mac OS 10.15.7,Safari 16.4,1440x900,994x732,,,,Demographics Questionnaire,4,,asd,,set 2,,,Neurodiverse,,ACCEPT,Neurodiverse,No,BEGIN QUESTIONNAIRE,
2,1705495498335,17/01/2024 12:44:58,1705495498176,0,17/01/2024 12:44:58,155541,10,questionnaire-4eaj,,34276012,BLIND,10124858,,complete,,,computer,Desktop or Laptop,Mac OS 10.15.7,Safari 16.4,1440x900,994x732,,,,Demographics Questionnaire,4,,asd,,set 2,,,Neurodiverse,,ACCEPT,Neurodiverse,No,Age,18
3,1705495498394,17/01/2024 12:44:58,1705495498178,0,17/01/2024 12:44:58,155541,10,questionnaire-4eaj,,34276012,BLIND,10124858,,complete,,,computer,Desktop or Laptop,Mac OS 10.15.7,Safari 16.4,1440x900,994x732,,,,Demographics Questionnaire,4,,asd,,set 2,,,Neurodiverse,,ACCEPT,Neurodiverse,No,Gender,Prefer not to say
4,1705495498394,17/01/2024 12:44:58,1705495498179,0,17/01/2024 12:44:58,155541,10,questionnaire-4eaj,,34276012,BLIND,10124858,,complete,,,computer,Desktop or Laptop,Mac OS 10.15.7,Safari 16.4,1440x900,994x732,,,,Demographics Questionnaire,4,,asd,,set 2,,,Neurodiverse,,ACCEPT,Neurodiverse,No,Gender-quantised,3
5,1705495498394,17/01/2024 12:44:58,1705495498179,0,17/01/2024 12:44:58,155541,10,questionnaire-4eaj,,34276012,BLIND,10124858,,complete,,,computer,Desktop or Laptop,Mac OS 10.15.7,Safari 16.4,1440x900,994x732,,,,Demographics Questionnaire,4,,asd,,set 2,,,Neurodiverse,,ACCEPT,Neurodiverse,No,Gender-text,
6,1705495498394,17/01/2024 12:44:58,1705495498179,0,17/01/2024 12:44:58,155541,10,questionnaire-4eaj,,34276012,BLIND,10124858,,complete,,,computer,Desktop or Laptop,Mac OS 10.15.7,Safari 16.4,1440x900,994x732,,,,Demographics Questionnaire,4,,asd,,set 2,,,Neurodiverse,,ACCEPT,Neurodiverse,No,footedness,Left
7,1705495498394,17/01/2024 12:44:58,1705495498179,0,17/01/2024 12:44:58,155541,10,questionnaire-4eaj,,34276012,BLIND,10124858,,complete,,,computer,Desktop or Laptop,Mac OS 10.15.7,Safari 16.4,1440x900,994x732,,,,Demographics Questionnaire,4,,asd,,set 2,,,Neurodiverse,,ACCEPT,Neurodiverse,No,footedness-quantised,1
8,1705495498394,17/01/2024 12:44:58,1705495498179,0,17/01/2024 12:44:58,155541,10,questionnaire-4eaj,,34276012,BLIND,10124858,,complete,,,computer,Desktop or Laptop,Mac OS 10.15.7,Safari 16.4,1440x900,994x732,,,,Demographics Questionnaire,4,,asd,,set 2,,,Neurodiverse,,ACCEPT,Neurodiverse,No,categorical_hand,Right
9,1705495498394,17/01/2024 12:44:58,1705495498179,0,17/01/2024 12:44:58,155541,10,questionnaire-4eaj,,34276012,BLIND,10124858,,complete,,,computer,Desktop or Laptop,Mac OS 10.15.7,Safari 16.4,1440x900,994x732,,,,Demographics Questionnaire,4,,asd,,set 2,,,Neurodiverse,,ACCEPT,Neurodiverse,No,categorical_hand-quantised,2
10,1705495498394,17/01/2024 12:44:58,1705495498179,0,17/01/2024 12:44:58,155541,10,questionnaire-4eaj,,34276012,BLIND,10124858,,complete,,,computer,Desktop or Laptop,Mac OS 10.15.7,Safari 16.4,1440x900,994x732,,,,Demographics Questionnaire,4,,asd,,set 2,,,Neurodiverse,,ACCEPT,Neurodiverse,No,age_education,Yes
11,1705495498394,17/01/2024 12:44:58,1705495498179,0,17/01/2024 12:44:58,155541,10,questionnaire-4eaj,,34276012,BLIND,10124858,,complete,,,computer,Desktop or Laptop,Mac OS 10.15.7,Safari 16.4,1440x900,994x732,,,,Demographics Questionnaire,4,,asd,,set 2,,,Neurodiverse,,ACCEPT,Neurodiverse,No,age_education-quantised,1
12,1705495498394,17/01/2024 12:44:58,1705495498179,0,17/01/2024 12:44:58,155541,10,questionnaire-4eaj,,34276012,BLIND,10124858,,complete,,,computer,Desktop or Laptop,Mac OS 10.15.7,Safari 16.4,1440x900,994x732,,,,Demographics Questionnaire,4,,asd,,set 2,,,Neurodiverse,,ACCEPT,Neurodiverse,No,age_education-text,
13,1705495498394,17/01/2024 12:44:58,1705495498179,0,17/01/2024 12:44:58,155541,10,questionnaire-4eaj,,34276012,BLIND,10124858,,complete,,,computer,Desktop or Laptop,Mac OS 10.15.7,Safari 16.4,1440x900,994x732,,,,Demographics Questionnaire,4,,asd,,set 2,,,Neurodiverse,,ACCEPT,Neurodiverse,No,bilingual,No
14,1705495498394,17/01/2024 12:44:58,1705495498179,0,17/01/2024 12:44:58,155541,10,questionnaire-4eaj,,34276012,BLIND,10124858,,complete,,,computer,Desktop or Laptop,Mac OS 10.15.7,Safari 16.4,1440x900,994x732,,,,Demographics Questionnaire,4,,asd,,set 2,,,Neurodiverse,,ACCEPT,Neurodiverse,No,bilingual-quantised,1
15,1705495498394,17/01/2024 12:44:58,1705495498179,0,17/01/2024 12:44:58,155541,10,questionnaire-4eaj,,34276012,BLIND,10124858,,complete,,,computer,Desktop or Laptop,Mac OS 10.15.7,Safari 16.4,1440x900,994x732,,,,Demographics Questionnaire,4,,asd,,set 2,,,Neurodiverse,,ACCEPT,Neurodiverse,No,bilingual-text,
16,1705495498394,17/01/2024 12:44:58,1705495498179,0,17/01/2024 12:44:58,155541,10,questionnaire-4eaj,,34276012,BLIND,10124858,,complete,,,computer,Desktop or Laptop,Mac OS 10.15.7,Safari 16.4,1440x900,994x732,,,,Demographics Questionnaire,4,,asd,,set 2,,,Neurodiverse,,ACCEPT,Neurodiverse,No,END QUESTIONNAIRE,31496
1,1705591635962,18/01/2024 15:27:15,1705591631687,0,18/01/2024 15:27:11,155541,10,questionnaire-4eaj,,34300435,BLIND,10132722,,complete,,,computer,Desktop or Laptop,Windows 10,Edge 120.0.0.0,1440x900,1392x778,,,,Demographics Questionnaire,4,,asd,,set 1,,,Neurodiverse,,ACCEPT,Neurodiverse,No,BEGIN QUESTIONNAIRE,
2,1705591656057,18/01/2024 15:27:36,1705591651797,0,18/01/2024 15:27:31,155541,10,questionnaire-4eaj,,34300435,BLIND,10132722,,complete,,,computer,Desktop or Laptop,Windows 10,Edge 120.0.0.0,1440x900,1377x778,,,,Demographics Questionnaire,4,,asd,,set 1,,,Neurodiverse,,ACCEPT,Neurodiverse,No,Age,18
3,1705591656095,18/01/2024 15:27:36,1705591651799,0,18/01/2024 15:27:31,155541,10,questionnaire-4eaj,,34300435,BLIND,10132722,,complete,,,computer,Desktop or Laptop,Windows 10,Edge 120.0.0.0,1440x900,1377x778,,,,Demographics Questionnaire,4,,asd,,set 1,,,Neurodiverse,,ACCEPT,Neurodiverse,No,Gender,Woman
4,1705591656095,18/01/2024 15:27:36,1705591651799,0,18/01/2024 15:27:31,155541,10,questionnaire-4eaj,,34300435,BLIND,10132722,,complete,,,computer,Desktop or Laptop,Windows 10,Edge 120.0.0.0,1440x900,1377x778,,,,Demographics Questionnaire,4,,asd,,set 1,,,Neurodiverse,,ACCEPT,Neurodiverse,No,Gender-quantised,2
5,1705591656095,18/01/2024 15:27:36,1705591651799,0,18/01/2024 15:27:31,155541,10,questionnaire-4eaj,,34300435,BLIND,10132722,,complete,,,computer,Desktop or Laptop,Windows 10,Edge 120.0.0.0,1440x900,1377x778,,,,Demographics Questionnaire,4,,asd,,set 1,,,Neurodiverse,,ACCEPT,Neurodiverse,No,Gender-text,
6,1705591656095,18/01/2024 15:27:36,1705591651799,0,18/01/2024 15:27:31,155541,10,questionnaire-4eaj,,34300435,BLIND,10132722,,complete,,,computer,Desktop or Laptop,Windows 10,Edge 120.0.0.0,1440x900,1377x778,,,,Demographics Questionnaire,4,,asd,,set 1,,,Neurodiverse,,ACCEPT,Neurodiverse,No,footedness,Left
7,1705591656095,18/01/2024 15:27:36,1705591651799,0,18/01/2024 15:27:31,155541,10,questionnaire-4eaj,,34300435,BLIND,10132722,,complete,,,computer,Desktop or Laptop,Windows 10,Edge 120.0.0.0,1440x900,1377x778,,,,Demographics Questionnaire,4,,asd,,set 1,,,Neurodiverse,,ACCEPT,Neurodiverse,No,footedness-quantised,1
8,1705591656095,18/01/2024 15:27:36,1705591651799,0,18/01/2024 15:27:31,155541,10,questionnaire-4eaj,,34300435,BLIND,10132722,,complete,,,computer,Desktop or Laptop,Windows 10,Edge 120.0.0.0,1440x900,1377x778,,,,Demographics Questionnaire,4,,asd,,set 1,,,Neurodiverse,,ACCEPT,Neurodiverse,No,categorical_hand,Left
9,1705591656095,18/01/2024 15:27:36,1705591651799,0,18/01/2024 15:27:31,155541,10,questionnaire-4eaj,,34300435,BLIND,10132722,,complete,,,computer,Desktop or Laptop,Windows 10,Edge 120.0.0.0,1440x900,1377x778,,,,Demographics Questionnaire,4,,asd,,set 1,,,Neurodiverse,,ACCEPT,Neurodiverse,No,categorical_hand-quantised,1
10,1705591656095,18/01/2024 15:27:36,1705591651799,0,18/01/2024 15:27:31,155541,10,questionnaire-4eaj,,34300435,BLIND,10132722,,complete,,,computer,Desktop or Laptop,Windows 10,Edge 120.0.0.0,1440x900,1377x778,,,,Demographics Questionnaire,4,,asd,,set 1,,,Neurodiverse,,ACCEPT,Neurodiverse,No,age_education,Yes
11,1705591656095,18/01/2024 15:27:36,1705591651799,0,18/01/2024 15:27:31,155541,10,questionnaire-4eaj,,34300435,BLIND,10132722,,complete,,,computer,Desktop or Laptop,Windows 10,Edge 120.0.0.0,1440x900,1377x778,,,,Demographics Questionnaire,4,,asd,,set 1,,,Neurodiverse,,ACCEPT,Neurodiverse,No,age_education-quantised,1
12,1705591656095,18/01/2024 15:27:36,1705591651799,0,18/01/2024 15:27:31,155541,10,questionnaire-4eaj,,34300435,BLIND,10132722,,complete,,,computer,Desktop or Laptop,Windows 10,Edge 120.0.0.0,1440x900,1377x778,,,,Demographics Questionnaire,4,,asd,,set 1,,,Neurodiverse,,ACCEPT,Neurodiverse,No,age_education-text,
13,1705591656095,18/01/2024 15:27:36,1705591651799,0,18/01/2024 15:27:31,155541,10,questionnaire-4eaj,,34300435,BLIND,10132722,,complete,,,computer,Desktop or Laptop,Windows 10,Edge 120.0.0.0,1440x900,1377x778,,,,Demographics Questionnaire,4,,asd,,set 1,,,Neurodiverse,,ACCEPT,Neurodiverse,No,bilingual,No
14,1705591656095,18/01/2024 15:27:36,1705591651800,0,18/01/2024 15:27:31,155541,10,questionnaire-4eaj,,34300435,BLIND,10132722,,complete,,,computer,Desktop or Laptop,Windows 10,Edge 120.0.0.0,1440x900,1377x778,,,,Demographics Questionnaire,4,,asd,,set 1,,,Neurodiverse,,ACCEPT,Neurodiverse,No,bilingual-quantised,1
15,1705591656095,18/01/2024 15:27:36,1705591651800,0,18/01/2024 15:27:31,155541,10,questionnaire-4eaj,,34300435,BLIND,10132722,,complete,,,computer,Desktop or Laptop,Windows 10,Edge 120.0.0.0,1440x900,1377x778,,,,Demographics Questionnaire,4,,asd,,set 1,,,Neurodiverse,,ACCEPT,Neurodiverse,No,bilingual-text,
16,1705591656095,18/01/2024 15:27:36,1705591651800,0,18/01/2024 15:27:31,155541,10,questionnaire-4eaj,,34300435,BLIND,10132722,,complete,,,computer,Desktop or Laptop,Windows 10,Edge 120.0.0.0,1440x900,1377x778,,,,Demographics Questionnaire,4,,asd,,set 1,,,Neurodiverse,,ACCEPT,Neurodiverse,No,END QUESTIONNAIRE,20113
1,1705861168748,21/01/2024 18:19:28,1705861169703,0,21/01/2024 18:19:29,155541,10,questionnaire-4eaj,,34361365,BLIND,10153970,,complete,,,computer,Desktop or Laptop,Windows 10,Chrome 120.0.0.0,1536x864,767x728,,,,Demographics Questionnaire,4,,control,,,,set 1,Controls,ACCEPT,,Controls,No,BEGIN QUESTIONNAIRE,
2,1705861206272,21/01/2024 18:20:06,1705861207288,0,21/01/2024 18:20:07,155541,10,questionnaire-4eaj,,34361365,BLIND,10153970,,complete,,,computer,Desktop or Laptop,Windows 10,Chrome 120.0.0.0,1536x864,750x728,,,,Demographics Questionnaire,4,,control,,,,set 1,Controls,ACCEPT,,Controls,No,Age,19
3,1705861206387,21/01/2024 18:20:06,1705861207290,0,21/01/2024 18:20:07,155541,10,questionnaire-4eaj,,34361365,BLIND,10153970,,complete,,,computer,Desktop or Laptop,Windows 10,Chrome 120.0.0.0,1536x864,750x728,,,,Demographics Questionnaire,4,,control,,,,set 1,Controls,ACCEPT,,Controls,No,Gender,Woman
4,1705861206387,21/01/2024 18:20:06,1705861207290,0,21/01/2024 18:20:07,155541,10,questionnaire-4eaj,,34361365,BLIND,10153970,,complete,,,computer,Desktop or Laptop,Windows 10,Chrome 120.0.0.0,1536x864,750x728,,,,Demographics Questionnaire,4,,control,,,,set 1,Controls,ACCEPT,,Controls,No,Gender-quantised,2
5,1705861206387,21/01/2024 18:20:06,1705861207291,0,21/01/2024 18:20:07,155541,10,questionnaire-4eaj,,34361365,BLIND,10153970,,complete,,,computer,Desktop or Laptop,Windows 10,Chrome 120.0.0.0,1536x864,750x728,,,,Demographics Questionnaire,4,,control,,,,set 1,Controls,ACCEPT,,Controls,No,Gender-text,
6,1705861206387,21/01/2024 18:20:06,1705861207291,0,21/01/2024 18:20:07,155541,10,questionnaire-4eaj,,34361365,BLIND,10153970,,complete,,,computer,Desktop or Laptop,Windows 10,Chrome 120.0.0.0,1536x864,750x728,,,,Demographics Questionnaire,4,,control,,,,set 1,Controls,ACCEPT,,Controls,No,footedness,Right
7,1705861206387,21/01/2024 18:20:06,1705861207291,0,21/01/2024 18:20:07,155541,10,questionnaire-4eaj,,34361365,BLIND,10153970,,complete,,,computer,Desktop or Laptop,Windows 10,Chrome 120.0.0.0,1536x864,750x728,,,,Demographics Questionnaire,4,,control,,,,set 1,Controls,ACCEPT,,Controls,No,footedness-quantised,2
8,1705861206387,21/01/2024 18:20:06,1705861207291,0,21/01/2024 18:20:07,155541,10,questionnaire-4eaj,,34361365,BLIND,10153970,,complete,,,computer,Desktop or Laptop,Windows 10,Chrome 120.0.0.0,1536x864,750x728,,,,Demographics Questionnaire,4,,control,,,,set 1,Controls,ACCEPT,,Controls,No,categorical_hand,Right
9,1705861206387,21/01/2024 18:20:06,1705861207291,0,21/01/2024 18:20:07,155541,10,questionnaire-4eaj,,34361365,BLIND,10153970,,complete,,,computer,Desktop or Laptop,Windows 10,Chrome 120.0.0.0,1536x864,750x728,,,,Demographics Questionnaire,4,,control,,,,set 1,Controls,ACCEPT,,Controls,No,categorical_hand-quantised,2
10,1705861206387,21/01/2024 18:20:06,1705861207292,0,21/01/2024 18:20:07,155541,10,questionnaire-4eaj,,34361365,BLIND,10153970,,complete,,,computer,Desktop or Laptop,Windows 10,Chrome 120.0.0.0,1536x864,750x728,,,,Demographics Questionnaire,4,,control,,,,set 1,Controls,ACCEPT,,Controls,No,age_education,Yes
11,1705861206387,21/01/2024 18:20:06,1705861207292,0,21/01/2024 18:20:07,155541,10,questionnaire-4eaj,,34361365,BLIND,10153970,,complete,,,computer,Desktop or Laptop,Windows 10,Chrome 120.0.0.0,1536x864,750x728,,,,Demographics Questionnaire,4,,control,,,,set 1,Controls,ACCEPT,,Controls,No,age_education-quantised,1
12,1705861206387,21/01/2024 18:20:06,1705861207292,0,21/01/2024 18:20:07,155541,10,questionnaire-4eaj,,34361365,BLIND,10153970,,complete,,,computer,Desktop or Laptop,Windows 10,Chrome 120.0.0.0,1536x864,750x728,,,,Demographics Questionnaire,4,,control,,,,set 1,Controls,ACCEPT,,Controls,No,age_education-text,
13,1705861206387,21/01/2024 18:20:06,1705861207292,0,21/01/2024 18:20:07,155541,10,questionnaire-4eaj,,34361365,BLIND,10153970,,complete,,,computer,Desktop or Laptop,Windows 10,Chrome 120.0.0.0,1536x864,750x728,,,,Demographics Questionnaire,4,,control,,,,set 1,Controls,ACCEPT,,Controls,No,bilingual,No
14,1705861206387,21/01/2024 18:20:06,1705861207293,0,21/01/2024 18:20:07,155541,10,questionnaire-4eaj,,34361365,BLIND,10153970,,complete,,,computer,Desktop or Laptop,Windows 10,Chrome 120.0.0.0,1536x864,750x728,,,,Demographics Questionnaire,4,,control,,,,set 1,Controls,ACCEPT,,Controls,No,bilingual-quantised,1
15,1705861206387,21/01/2024 18:20:06,1705861207293,0,21/01/2024 18:20:07,155541,10,questionnaire-4eaj,,34361365,BLIND,10153970,,complete,,,computer,Desktop or Laptop,Windows 10,Chrome 120.0.0.0,1536x864,750x728,,,,Demographics Questionnaire,4,,control,,,,set 1,Controls,ACCEPT,,Controls,No,bilingual-text,
16,1705861206387,21/01/2024 18:20:06,1705861207293,0,21/01/2024 18:20:07,155541,10,questionnaire-4eaj,,34361365,BLIND,10153970,,complete,,,computer,Desktop or Laptop,Windows 10,Chrome 120.0.0.0,1536x864,750x728,,,,Demographics Questionnaire,4,,control,,,,set 1,Controls,ACCEPT,,Controls,No,END QUESTIONNAIRE,37590
1,1706545895275,29/01/2024 16:31:35,1706545895064,0,29/01/2024 16:31:35,155541,10,questionnaire-4eaj,,34582726,BLIND,10224591,,complete,,,computer,Desktop or Laptop,Mac OS 10.15.7,Safari 17.2.1,1440x900,1440x820,,,,Demographics Questionnaire,4,,multiple,,,set 2,,Neurodiverse,,ACCEPT,Neurodiverse,No,BEGIN QUESTIONNAIRE,
2,1706545992471,29/01/2024 16:33:12,1706545992120,0,29/01/2024 16:33:12,155541,10,questionnaire-4eaj,,34582726,BLIND,10224591,,complete,,,computer,Desktop or Laptop,Mac OS 10.15.7,Safari 17.2.1,1440x900,1440x820,,,,Demographics Questionnaire,4,,multiple,,,set 2,,Neurodiverse,,ACCEPT,Neurodiverse,No,Age,38
3,1706545992559,29/01/2024 16:33:12,1706545992123,0,29/01/2024 16:33:12,155541,10,questionnaire-4eaj,,34582726,BLIND,10224591,,complete,,,computer,Desktop or Laptop,Mac OS 10.15.7,Safari 17.2.1,1440x900,1440x820,,,,Demographics Questionnaire,4,,multiple,,,set 2,,Neurodiverse,,ACCEPT,Neurodiverse,No,Gender,Man
4,1706545992559,29/01/2024 16:33:12,1706545992123,0,29/01/2024 16:33:12,155541,10,questionnaire-4eaj,,34582726,BLIND,10224591,,complete,,,computer,Desktop or Laptop,Mac OS 10.15.7,Safari 17.2.1,1440x900,1440x820,,,,Demographics Questionnaire,4,,multiple,,,set 2,,Neurodiverse,,ACCEPT,Neurodiverse,No,Gender-quantised,1
5,1706545992559,29/01/2024 16:33:12,1706545992123,0,29/01/2024 16:33:12,155541,10,questionnaire-4eaj,,34582726,BLIND,10224591,,complete,,,computer,Desktop or Laptop,Mac OS 10.15.7,Safari 17.2.1,1440x900,1440x820,,,,Demographics Questionnaire,4,,multiple,,,set 2,,Neurodiverse,,ACCEPT,Neurodiverse,No,Gender-text,
6,1706545992559,29/01/2024 16:33:12,1706545992123,0,29/01/2024 16:33:12,155541,10,questionnaire-4eaj,,34582726,BLIND,10224591,,complete,,,computer,Desktop or Laptop,Mac OS 10.15.7,Safari 17.2.1,1440x900,1440x820,,,,Demographics Questionnaire,4,,multiple,,,set 2,,Neurodiverse,,ACCEPT,Neurodiverse,No,footedness,Left
7,1706545992559,29/01/2024 16:33:12,1706545992123,0,29/01/2024 16:33:12,155541,10,questionnaire-4eaj,,34582726,BLIND,10224591,,complete,,,computer,Desktop or Laptop,Mac OS 10.15.7,Safari 17.2.1,1440x900,1440x820,,,,Demographics Questionnaire,4,,multiple,,,set 2,,Neurodiverse,,ACCEPT,Neurodiverse,No,footedness-quantised,1
8,1706545992559,29/01/2024 16:33:12,1706545992123,0,29/01/2024 16:33:12,155541,10,questionnaire-4eaj,,34582726,BLIND,10224591,,complete,,,computer,Desktop or Laptop,Mac OS 10.15.7,Safari 17.2.1,1440x900,1440x820,,,,Demographics Questionnaire,4,,multiple,,,set 2,,Neurodiverse,,ACCEPT,Neurodiverse,No,categorical_hand,Right
9,1706545992559,29/01/2024 16:33:12,1706545992123,0,29/01/2024 16:33:12,155541,10,questionnaire-4eaj,,34582726,BLIND,10224591,,complete,,,computer,Desktop or Laptop,Mac OS 10.15.7,Safari 17.2.1,1440x900,1440x820,,,,Demographics Questionnaire,4,,multiple,,,set 2,,Neurodiverse,,ACCEPT,Neurodiverse,No,categorical_hand-quantised,2
10,1706545992559,29/01/2024 16:33:12,1706545992123,0,29/01/2024 16:33:12,155541,10,questionnaire-4eaj,,34582726,BLIND,10224591,,complete,,,computer,Desktop or Laptop,Mac OS 10.15.7,Safari 17.2.1,1440x900,1440x820,,,,Demographics Questionnaire,4,,multiple,,,set 2,,Neurodiverse,,ACCEPT,Neurodiverse,No,age_education,Yes
11,1706545992559,29/01/2024 16:33:12,1706545992123,0,29/01/2024 16:33:12,155541,10,questionnaire-4eaj,,34582726,BLIND,10224591,,complete,,,computer,Desktop or Laptop,Mac OS 10.15.7,Safari 17.2.1,1440x900,1440x820,,,,Demographics Questionnaire,4,,multiple,,,set 2,,Neurodiverse,,ACCEPT,Neurodiverse,No,age_education-quantised,1
12,1706545992559,29/01/2024 16:33:12,1706545992123,0,29/01/2024 16:33:12,155541,10,questionnaire-4eaj,,34582726,BLIND,10224591,,complete,,,computer,Desktop or Laptop,Mac OS 10.15.7,Safari 17.2.1,1440x900,1440x820,,,,Demographics Questionnaire,4,,multiple,,,set 2,,Neurodiverse,,ACCEPT,Neurodiverse,No,age_education-text,
13,1706545992559,29/01/2024 16:33:12,1706545992124,0,29/01/2024 16:33:12,155541,10,questionnaire-4eaj,,34582726,BLIND,10224591,,complete,,,computer,Desktop or Laptop,Mac OS 10.15.7,Safari 17.2.1,1440x900,1440x820,,,,Demographics Questionnaire,4,,multiple,,,set 2,,Neurodiverse,,ACCEPT,Neurodiverse,No,bilingual,No
14,1706545992559,29/01/2024 16:33:12,1706545992124,0,29/01/2024 16:33:12,155541,10,questionnaire-4eaj,,34582726,BLIND,10224591,,complete,,,computer,Desktop or Laptop,Mac OS 10.15.7,Safari 17.2.1,1440x900,1440x820,,,,Demographics Questionnaire,4,,multiple,,,set 2,,Neurodiverse,,ACCEPT,Neurodiverse,No,bilingual-quantised,1
15,1706545992559,29/01/2024 16:33:12,1706545992124,0,29/01/2024 16:33:12,155541,10,questionnaire-4eaj,,34582726,BLIND,10224591,,complete,,,computer,Desktop or Laptop,Mac OS 10.15.7,Safari 17.2.1,1440x900,1440x820,,,,Demographics Questionnaire,4,,multiple,,,set 2,,Neurodiverse,,ACCEPT,Neurodiverse,No,bilingual-text,
16,1706545992559,29/01/2024 16:33:12,1706545992124,0,29/01/2024 16:33:12,155541,10,questionnaire-4eaj,,34582726,BLIND,10224591,,complete,,,computer,Desktop or Laptop,Mac OS 10.15.7,Safari 17.2.1,1440x900,1440x820,,,,Demographics Questionnaire,4,,multiple,,,set 2,,Neurodiverse,,ACCEPT,Neurodiverse,No,END QUESTIONNAIRE,97060
1,1706548179871,29/01/2024 17:09:39,1706548179745,0,29/01/2024 17:09:39,155541,10,questionnaire-4eaj,,34584369,BLIND,10225087,,complete,,,computer,Desktop or Laptop,Mac OS 10.15.7,Safari 17.1,1280x800,1280x720,,,,Demographics Questionnaire,4,,control,,,,set 1,Controls,ACCEPT,,Controls,No,BEGIN QUESTIONNAIRE,
2,1706548204599,29/01/2024 17:10:04,1706548204495,0,29/01/2024 17:10:04,155541,10,questionnaire-4eaj,,34584369,BLIND,10225087,,complete,,,computer,Desktop or Laptop,Mac OS 10.15.7,Safari 17.1,1280x800,1280x720,,,,Demographics Questionnaire,4,,control,,,,set 1,Controls,ACCEPT,,Controls,No,Age,18
3,1706548204674,29/01/2024 17:10:04,1706548204497,0,29/01/2024 17:10:04,155541,10,questionnaire-4eaj,,34584369,BLIND,10225087,,complete,,,computer,Desktop or Laptop,Mac OS 10.15.7,Safari 17.1,1280x800,1280x720,,,,Demographics Questionnaire,4,,control,,,,set 1,Controls,ACCEPT,,Controls,No,Gender,Woman
4,1706548204674,29/01/2024 17:10:04,1706548204497,0,29/01/2024 17:10:04,155541,10,questionnaire-4eaj,,34584369,BLIND,10225087,,complete,,,computer,Desktop or Laptop,Mac OS 10.15.7,Safari 17.1,1280x800,1280x720,,,,Demographics Questionnaire,4,,control,,,,set 1,Controls,ACCEPT,,Controls,No,Gender-quantised,2
5,1706548204674,29/01/2024 17:10:04,1706548204497,0,29/01/2024 17:10:04,155541,10,questionnaire-4eaj,,34584369,BLIND,10225087,,complete,,,computer,Desktop or Laptop,Mac OS 10.15.7,Safari 17.1,1280x800,1280x720,,,,Demographics Questionnaire,4,,control,,,,set 1,Controls,ACCEPT,,Controls,No,Gender-text,
6,1706548204674,29/01/2024 17:10:04,1706548204497,0,29/01/2024 17:10:04,155541,10,questionnaire-4eaj,,34584369,BLIND,10225087,,complete,,,computer,Desktop or Laptop,Mac OS 10.15.7,Safari 17.1,1280x800,1280x720,,,,Demographics Questionnaire,4,,control,,,,set 1,Controls,ACCEPT,,Controls,No,footedness,Right
7,1706548204674,29/01/2024 17:10:04,1706548204497,0,29/01/2024 17:10:04,155541,10,questionnaire-4eaj,,34584369,BLIND,10225087,,complete,,,computer,Desktop or Laptop,Mac OS 10.15.7,Safari 17.1,1280x800,1280x720,,,,Demographics Questionnaire,4,,control,,,,set 1,Controls,ACCEPT,,Controls,No,footedness-quantised,2
8,1706548204674,29/01/2024 17:10:04,1706548204497,0,29/01/2024 17:10:04,155541,10,questionnaire-4eaj,,34584369,BLIND,10225087,,complete,,,computer,Desktop or Laptop,Mac OS 10.15.7,Safari 17.1,1280x800,1280x720,,,,Demographics Questionnaire,4,,control,,,,set 1,Controls,ACCEPT,,Controls,No,categorical_hand,Right
9,1706548204674,29/01/2024 17:10:04,1706548204497,0,29/01/2024 17:10:04,155541,10,questionnaire-4eaj,,34584369,BLIND,10225087,,complete,,,computer,Desktop or Laptop,Mac OS 10.15.7,Safari 17.1,1280x800,1280x720,,,,Demographics Questionnaire,4,,control,,,,set 1,Controls,ACCEPT,,Controls,No,categorical_hand-quantised,2
10,1706548204674,29/01/2024 17:10:04,1706548204497,0,29/01/2024 17:10:04,155541,10,questionnaire-4eaj,,34584369,BLIND,10225087,,complete,,,computer,Desktop or Laptop,Mac OS 10.15.7,Safari 17.1,1280x800,1280x720,,,,Demographics Questionnaire,4,,control,,,,set 1,Controls,ACCEPT,,Controls,No,age_education,Yes
11,1706548204674,29/01/2024 17:10:04,1706548204497,0,29/01/2024 17:10:04,155541,10,questionnaire-4eaj,,34584369,BLIND,10225087,,complete,,,computer,Desktop or Laptop,Mac OS 10.15.7,Safari 17.1,1280x800,1280x720,,,,Demographics Questionnaire,4,,control,,,,set 1,Controls,ACCEPT,,Controls,No,age_education-quantised,1
12,1706548204674,29/01/2024 17:10:04,1706548204497,0,29/01/2024 17:10:04,155541,10,questionnaire-4eaj,,34584369,BLIND,10225087,,complete,,,computer,Desktop or Laptop,Mac OS 10.15.7,Safari 17.1,1280x800,1280x720,,,,Demographics Questionnaire,4,,control,,,,set 1,Controls,ACCEPT,,Controls,No,age_education-text,
13,1706548204674,29/01/2024 17:10:04,1706548204498,0,29/01/2024 17:10:04,155541,10,questionnaire-4eaj,,34584369,BLIND,10225087,,complete,,,computer,Desktop or Laptop,Mac OS 10.15.7,Safari 17.1,1280x800,1280x720,,,,Demographics Questionnaire,4,,control,,,,set 1,Controls,ACCEPT,,Controls,No,bilingual,No
14,1706548204674,29/01/2024 17:10:04,1706548204498,0,29/01/2024 17:10:04,155541,10,questionnaire-4eaj,,34584369,BLIND,10225087,,complete,,,computer,Desktop or Laptop,Mac OS 10.15.7,Safari 17.1,1280x800,1280x720,,,,Demographics Questionnaire,4,,control,,,,set 1,Controls,ACCEPT,,Controls,No,bilingual-quantised,1
15,1706548204674,29/01/2024 17:10:04,1706548204498,0,29/01/2024 17:10:04,155541,10,questionnaire-4eaj,,34584369,BLIND,10225087,,complete,,,computer,Desktop or Laptop,Mac OS 10.15.7,Safari 17.1,1280x800,1280x720,,,,Demographics Questionnaire,4,,control,,,,set 1,Controls,ACCEPT,,Controls,No,bilingual-text,
16,1706548204674,29/01/2024 17:10:04,1706548204498,0,29/01/2024 17:10:04,155541,10,questionnaire-4eaj,,34584369,BLIND,10225087,,complete,,,computer,Desktop or Laptop,Mac OS 10.15.7,Safari 17.1,1280x800,1280x720,,,,Demographics Questionnaire,4,,control,,,,set 1,Controls,ACCEPT,,Controls,No,END QUESTIONNAIRE,24753
1,1706872753005,02/02/2024 11:19:13,1706872752813,0,02/02/2024 11:19:12,155541,10,questionnaire-4eaj,,34725276,BLIND,10266512,,complete,,,computer,Desktop or Laptop,Windows 10,Chrome 120.0.0.0,1536x865,1536x703,,,,Demographics Questionnaire,4,,control,,,,set 2,Controls,ACCEPT,,Controls,No,BEGIN QUESTIONNAIRE,
2,1706872784961,02/02/2024 11:19:44,1706872784880,0,02/02/2024 11:19:44,155541,10,questionnaire-4eaj,,34725276,BLIND,10266512,,complete,,,computer,Desktop or Laptop,Windows 10,Chrome 120.0.0.0,1536x865,1519x703,,,,Demographics Questionnaire,4,,control,,,,set 2,Controls,ACCEPT,,Controls,No,Age,19
3,1706872785037,02/02/2024 11:19:45,1706872784883,0,02/02/2024 11:19:44,155541,10,questionnaire-4eaj,,34725276,BLIND,10266512,,complete,,,computer,Desktop or Laptop,Windows 10,Chrome 120.0.0.0,1536x865,1519x703,,,,Demographics Questionnaire,4,,control,,,,set 2,Controls,ACCEPT,,Controls,No,Gender,Man
4,1706872785037,02/02/2024 11:19:45,1706872784884,0,02/02/2024 11:19:44,155541,10,questionnaire-4eaj,,34725276,BLIND,10266512,,complete,,,computer,Desktop or Laptop,Windows 10,Chrome 120.0.0.0,1536x865,1519x703,,,,Demographics Questionnaire,4,,control,,,,set 2,Controls,ACCEPT,,Controls,No,Gender-quantised,1
5,1706872785037,02/02/2024 11:19:45,1706872784884,0,02/02/2024 11:19:44,155541,10,questionnaire-4eaj,,34725276,BLIND,10266512,,complete,,,computer,Desktop or Laptop,Windows 10,Chrome 120.0.0.0,1536x865,1519x703,,,,Demographics Questionnaire,4,,control,,,,set 2,Controls,ACCEPT,,Controls,No,Gender-text,
6,1706872785037,02/02/2024 11:19:45,1706872784884,0,02/02/2024 11:19:44,155541,10,questionnaire-4eaj,,34725276,BLIND,10266512,,complete,,,computer,Desktop or Laptop,Windows 10,Chrome 120.0.0.0,1536x865,1519x703,,,,Demographics Questionnaire,4,,control,,,,set 2,Controls,ACCEPT,,Controls,No,footedness,Don't know / No preference
7,1706872785037,02/02/2024 11:19:45,1706872784885,0,02/02/2024 11:19:44,155541,10,questionnaire-4eaj,,34725276,BLIND,10266512,,complete,,,computer,Desktop or Laptop,Windows 10,Chrome 120.0.0.0,1536x865,1519x703,,,,Demographics Questionnaire,4,,control,,,,set 2,Controls,ACCEPT,,Controls,No,footedness-quantised,3
8,1706872785037,02/02/2024 11:19:45,1706872784886,0,02/02/2024 11:19:44,155541,10,questionnaire-4eaj,,34725276,BLIND,10266512,,complete,,,computer,Desktop or Laptop,Windows 10,Chrome 120.0.0.0,1536x865,1519x703,,,,Demographics Questionnaire,4,,control,,,,set 2,Controls,ACCEPT,,Controls,No,categorical_hand,Right
9,1706872785037,02/02/2024 11:19:45,1706872784886,0,02/02/2024 11:19:44,155541,10,questionnaire-4eaj,,34725276,BLIND,10266512,,complete,,,computer,Desktop or Laptop,Windows 10,Chrome 120.0.0.0,1536x865,1519x703,,,,Demographics Questionnaire,4,,control,,,,set 2,Controls,ACCEPT,,Controls,No,categorical_hand-quantised,2
10,1706872785037,02/02/2024 11:19:45,1706872784887,0,02/02/2024 11:19:44,155541,10,questionnaire-4eaj,,34725276,BLIND,10266512,,complete,,,computer,Desktop or Laptop,Windows 10,Chrome 120.0.0.0,1536x865,1519x703,,,,Demographics Questionnaire,4,,control,,,,set 2,Controls,ACCEPT,,Controls,No,age_education,Yes
11,1706872785037,02/02/2024 11:19:45,1706872784888,0,02/02/2024 11:19:44,155541,10,questionnaire-4eaj,,34725276,BLIND,10266512,,complete,,,computer,Desktop or Laptop,Windows 10,Chrome 120.0.0.0,1536x865,1519x703,,,,Demographics Questionnaire,4,,control,,,,set 2,Controls,ACCEPT,,Controls,No,age_education-quantised,1
12,1706872785037,02/02/2024 11:19:45,1706872784888,0,02/02/2024 11:19:44,155541,10,questionnaire-4eaj,,34725276,BLIND,10266512,,complete,,,computer,Desktop or Laptop,Windows 10,Chrome 120.0.0.0,1536x865,1519x703,,,,Demographics Questionnaire,4,,control,,,,set 2,Controls,ACCEPT,,Controls,No,age_education-text,
13,1706872785037,02/02/2024 11:19:45,1706872784889,0,02/02/2024 11:19:44,155541,10,questionnaire-4eaj,,34725276,BLIND,10266512,,complete,,,computer,Desktop or Laptop,Windows 10,Chrome 120.0.0.0,1536x865,1519x703,,,,Demographics Questionnaire,4,,control,,,,set 2,Controls,ACCEPT,,Controls,No,bilingual,No
14,1706872785037,02/02/2024 11:19:45,1706872784889,0,02/02/2024 11:19:44,155541,10,questionnaire-4eaj,,34725276,BLIND,10266512,,complete,,,computer,Desktop or Laptop,Windows 10,Chrome 120.0.0.0,1536x865,1519x703,,,,Demographics Questionnaire,4,,control,,,,set 2,Controls,ACCEPT,,Controls,No,bilingual-quantised,1
15,1706872785037,02/02/2024 11:19:45,1706872784890,0,02/02/2024 11:19:44,155541,10,questionnaire-4eaj,,34725276,BLIND,10266512,,complete,,,computer,Desktop or Laptop,Windows 10,Chrome 120.0.0.0,1536x865,1519x703,,,,Demographics Questionnaire,4,,control,,,,set 2,Controls,ACCEPT,,Controls,No,bilingual-text,
16,1706872785037,02/02/2024 11:19:45,1706872784891,0,02/02/2024 11:19:44,155541,10,questionnaire-4eaj,,34725276,BLIND,10266512,,complete,,,computer,Desktop or Laptop,Windows 10,Chrome 120.0.0.0,1536x865,1519x703,,,,Demographics Questionnaire,4,,control,,,,set 2,Controls,ACCEPT,,Controls,No,END QUESTIONNAIRE,32078
1,1705493673857,17/01/2024 12:14:33,1705493672992,0,17/01/2024 12:14:32,155541,10,questionnaire-4eaj,,34275250,BLIND,10124650,,complete,,,computer,Desktop or Laptop,Chromium OS 14541.0.0,Chrome 120.0.0.0,1536x864,1536x730,,,,Demographics Questionnaire,4,,control,,,,set 1,Controls,ACCEPT,,Controls,No,BEGIN QUESTIONNAIRE,
2,1705493716665,17/01/2024 12:15:16,1705493715782,0,17/01/2024 12:15:15,155541,10,questionnaire-4eaj,,34275250,BLIND,10124650,,complete,,,computer,Desktop or Laptop,Chromium OS 14541.0.0,Chrome 120.0.0.0,1536x864,1536x730,,,,Demographics Questionnaire,4,,control,,,,set 1,Controls,ACCEPT,,Controls,No,Age,18
3,1705493716721,17/01/2024 12:15:16,1705493715784,0,17/01/2024 12:15:15,155541,10,questionnaire-4eaj,,34275250,BLIND,10124650,,complete,,,computer,Desktop or Laptop,Chromium OS 14541.0.0,Chrome 120.0.0.0,1536x864,1536x730,,,,Demographics Questionnaire,4,,control,,,,set 1,Controls,ACCEPT,,Controls,No,Gender,Man
4,1705493716721,17/01/2024 12:15:16,1705493715785,0,17/01/2024 12:15:15,155541,10,questionnaire-4eaj,,34275250,BLIND,10124650,,complete,,,computer,Desktop or Laptop,Chromium OS 14541.0.0,Chrome 120.0.0.0,1536x864,1536x730,,,,Demographics Questionnaire,4,,control,,,,set 1,Controls,ACCEPT,,Controls,No,Gender-quantised,1
5,1705493716721,17/01/2024 12:15:16,1705493715785,0,17/01/2024 12:15:15,155541,10,questionnaire-4eaj,,34275250,BLIND,10124650,,complete,,,computer,Desktop or Laptop,Chromium OS 14541.0.0,Chrome 120.0.0.0,1536x864,1536x730,,,,Demographics Questionnaire,4,,control,,,,set 1,Controls,ACCEPT,,Controls,No,Gender-text,
6,1705493716721,17/01/2024 12:15:16,1705493715785,0,17/01/2024 12:15:15,155541,10,questionnaire-4eaj,,34275250,BLIND,10124650,,complete,,,computer,Desktop or Laptop,Chromium OS 14541.0.0,Chrome 120.0.0.0,1536x864,1536x730,,,,Demographics Questionnaire,4,,control,,,,set 1,Controls,ACCEPT,,Controls,No,footedness,Left
7,1705493716721,17/01/2024 12:15:16,1705493715785,0,17/01/2024 12:15:15,155541,10,questionnaire-4eaj,,34275250,BLIND,10124650,,complete,,,computer,Desktop or Laptop,Chromium OS 14541.0.0,Chrome 120.0.0.0,1536x864,1536x730,,,,Demographics Questionnaire,4,,control,,,,set 1,Controls,ACCEPT,,Controls,No,footedness-quantised,1
8,1705493716721,17/01/2024 12:15:16,1705493715786,0,17/01/2024 12:15:15,155541,10,questionnaire-4eaj,,34275250,BLIND,10124650,,complete,,,computer,Desktop or Laptop,Chromium OS 14541.0.0,Chrome 120.0.0.0,1536x864,1536x730,,,,Demographics Questionnaire,4,,control,,,,set 1,Controls,ACCEPT,,Controls,No,categorical_hand,Right
9,1705493716721,17/01/2024 12:15:16,1705493715786,0,17/01/2024 12:15:15,155541,10,questionnaire-4eaj,,34275250,BLIND,10124650,,complete,,,computer,Desktop or Laptop,Chromium OS 14541.0.0,Chrome 120.0.0.0,1536x864,1536x730,,,,Demographics Questionnaire,4,,control,,,,set 1,Controls,ACCEPT,,Controls,No,categorical_hand-quantised,2
10,1705493716721,17/01/2024 12:15:16,1705493715786,0,17/01/2024 12:15:15,155541,10,questionnaire-4eaj,,34275250,BLIND,10124650,,complete,,,computer,Desktop or Laptop,Chromium OS 14541.0.0,Chrome 120.0.0.0,1536x864,1536x730,,,,Demographics Questionnaire,4,,control,,,,set 1,Controls,ACCEPT,,Controls,No,age_education,Yes
11,1705493716721,17/01/2024 12:15:16,1705493715786,0,17/01/2024 12:15:15,155541,10,questionnaire-4eaj,,34275250,BLIND,10124650,,complete,,,computer,Desktop or Laptop,Chromium OS 14541.0.0,Chrome 120.0.0.0,1536x864,1536x730,,,,Demographics Questionnaire,4,,control,,,,set 1,Controls,ACCEPT,,Controls,No,age_education-quantised,1
12,1705493716721,17/01/2024 12:15:16,1705493715786,0,17/01/2024 12:15:15,155541,10,questionnaire-4eaj,,34275250,BLIND,10124650,,complete,,,computer,Desktop or Laptop,Chromium OS 14541.0.0,Chrome 120.0.0.0,1536x864,1536x730,,,,Demographics Questionnaire,4,,control,,,,set 1,Controls,ACCEPT,,Controls,No,age_education-text,
13,1705493716721,17/01/2024 12:15:16,1705493715786,0,17/01/2024 12:15:15,155541,10,questionnaire-4eaj,,34275250,BLIND,10124650,,complete,,,computer,Desktop or Laptop,Chromium OS 14541.0.0,Chrome 120.0.0.0,1536x864,1536x730,,,,Demographics Questionnaire,4,,control,,,,set 1,Controls,ACCEPT,,Controls,No,bilingual,No
14,1705493716721,17/01/2024 12:15:16,1705493715787,0,17/01/2024 12:15:15,155541,10,questionnaire-4eaj,,34275250,BLIND,10124650,,complete,,,computer,Desktop or Laptop,Chromium OS 14541.0.0,Chrome 120.0.0.0,1536x864,1536x730,,,,Demographics Questionnaire,4,,control,,,,set 1,Controls,ACCEPT,,Controls,No,bilingual-quantised,1
15,1705493716721,17/01/2024 12:15:16,1705493715787,0,17/01/2024 12:15:15,155541,10,questionnaire-4eaj,,34275250,BLIND,10124650,,complete,,,computer,Desktop or Laptop,Chromium OS 14541.0.0,Chrome 120.0.0.0,1536x864,1536x730,,,,Demographics Questionnaire,4,,control,,,,set 1,Controls,ACCEPT,,Controls,No,bilingual-text,
16,1705493716721,17/01/2024 12:15:16,1705493715787,0,17/01/2024 12:15:15,155541,10,questionnaire-4eaj,,34275250,BLIND,10124650,,complete,,,computer,Desktop or Laptop,Chromium OS 14541.0.0,Chrome 120.0.0.0,1536x864,1536x730,,,,Demographics Questionnaire,4,,control,,,,set 1,Controls,ACCEPT,,Controls,No,END QUESTIONNAIRE,42795
1,1705493243701,17/01/2024 12:07:23,1705493244119,0,17/01/2024 12:07:24,155541,10,questionnaire-4eaj,,34275111,BLIND,10124618,,complete,,,computer,Desktop or Laptop,Windows 10,Edge 120.0.0.0,1600x900,1552x744,,,,Demographics Questionnaire,4,,control,,,,set 2,Controls,ACCEPT,,Controls,No,BEGIN QUESTIONNAIRE,
2,1705493263034,17/01/2024 12:07:43,1705493263448,0,17/01/2024 12:07:43,155541,10,questionnaire-4eaj,,34275111,BLIND,10124618,,complete,,,computer,Desktop or Laptop,Windows 10,Edge 120.0.0.0,1600x900,1537x744,,,,Demographics Questionnaire,4,,control,,,,set 2,Controls,ACCEPT,,Controls,No,Age,20
3,1705493263184,17/01/2024 12:07:43,1705493263453,0,17/01/2024 12:07:43,155541,10,questionnaire-4eaj,,34275111,BLIND,10124618,,complete,,,computer,Desktop or Laptop,Windows 10,Edge 120.0.0.0,1600x900,1537x744,,,,Demographics Questionnaire,4,,control,,,,set 2,Controls,ACCEPT,,Controls,No,Gender,Woman
4,1705493263184,17/01/2024 12:07:43,1705493263454,0,17/01/2024 12:07:43,155541,10,questionnaire-4eaj,,34275111,BLIND,10124618,,complete,,,computer,Desktop or Laptop,Windows 10,Edge 120.0.0.0,1600x900,1537x744,,,,Demographics Questionnaire,4,,control,,,,set 2,Controls,ACCEPT,,Controls,No,Gender-quantised,2
5,1705493263184,17/01/2024 12:07:43,1705493263454,0,17/01/2024 12:07:43,155541,10,questionnaire-4eaj,,34275111,BLIND,10124618,,complete,,,computer,Desktop or Laptop,Windows 10,Edge 120.0.0.0,1600x900,1537x744,,,,Demographics Questionnaire,4,,control,,,,set 2,Controls,ACCEPT,,Controls,No,Gender-text,
6,1705493263184,17/01/2024 12:07:43,1705493263455,0,17/01/2024 12:07:43,155541,10,questionnaire-4eaj,,34275111,BLIND,10124618,,complete,,,computer,Desktop or Laptop,Windows 10,Edge 120.0.0.0,1600x900,1537x744,,,,Demographics Questionnaire,4,,control,,,,set 2,Controls,ACCEPT,,Controls,No,footedness,Right
7,1705493263184,17/01/2024 12:07:43,1705493263455,0,17/01/2024 12:07:43,155541,10,questionnaire-4eaj,,34275111,BLIND,10124618,,complete,,,computer,Desktop or Laptop,Windows 10,Edge 120.0.0.0,1600x900,1537x744,,,,Demographics Questionnaire,4,,control,,,,set 2,Controls,ACCEPT,,Controls,No,footedness-quantised,2
8,1705493263184,17/01/2024 12:07:43,1705493263456,0,17/01/2024 12:07:43,155541,10,questionnaire-4eaj,,34275111,BLIND,10124618,,complete,,,computer,Desktop or Laptop,Windows 10,Edge 120.0.0.0,1600x900,1537x744,,,,Demographics Questionnaire,4,,control,,,,set 2,Controls,ACCEPT,,Controls,No,categorical_hand,Right
9,1705493263184,17/01/2024 12:07:43,1705493263456,0,17/01/2024 12:07:43,155541,10,questionnaire-4eaj,,34275111,BLIND,10124618,,complete,,,computer,Desktop or Laptop,Windows 10,Edge 120.0.0.0,1600x900,1537x744,,,,Demographics Questionnaire,4,,control,,,,set 2,Controls,ACCEPT,,Controls,No,categorical_hand-quantised,2
10,1705493263184,17/01/2024 12:07:43,1705493263459,0,17/01/2024 12:07:43,155541,10,questionnaire-4eaj,,34275111,BLIND,10124618,,complete,,,computer,Desktop or Laptop,Windows 10,Edge 120.0.0.0,1600x900,1537x744,,,,Demographics Questionnaire,4,,control,,,,set 2,Controls,ACCEPT,,Controls,No,age_education,Yes
11,1705493263184,17/01/2024 12:07:43,1705493263460,0,17/01/2024 12:07:43,155541,10,questionnaire-4eaj,,34275111,BLIND,10124618,,complete,,,computer,Desktop or Laptop,Windows 10,Edge 120.0.0.0,1600x900,1537x744,,,,Demographics Questionnaire,4,,control,,,,set 2,Controls,ACCEPT,,Controls,No,age_education-quantised,1
12,1705493263184,17/01/2024 12:07:43,1705493263461,0,17/01/2024 12:07:43,155541,10,questionnaire-4eaj,,34275111,BLIND,10124618,,complete,,,computer,Desktop or Laptop,Windows 10,Edge 120.0.0.0,1600x900,1537x744,,,,Demographics Questionnaire,4,,control,,,,set 2,Controls,ACCEPT,,Controls,No,age_education-text,
13,1705493263184,17/01/2024 12:07:43,1705493263462,0,17/01/2024 12:07:43,155541,10,questionnaire-4eaj,,34275111,BLIND,10124618,,complete,,,computer,Desktop or Laptop,Windows 10,Edge 120.0.0.0,1600x900,1537x744,,,,Demographics Questionnaire,4,,control,,,,set 2,Controls,ACCEPT,,Controls,No,bilingual,No
14,1705493263184,17/01/2024 12:07:43,1705493263462,0,17/01/2024 12:07:43,155541,10,questionnaire-4eaj,,34275111,BLIND,10124618,,complete,,,computer,Desktop or Laptop,Windows 10,Edge 120.0.0.0,1600x900,1537x744,,,,Demographics Questionnaire,4,,control,,,,set 2,Controls,ACCEPT,,Controls,No,bilingual-quantised,1
15,1705493263184,17/01/2024 12:07:43,1705493263463,0,17/01/2024 12:07:43,155541,10,questionnaire-4eaj,,34275111,BLIND,10124618,,complete,,,computer,Desktop or Laptop,Windows 10,Edge 120.0.0.0,1600x900,1537x744,,,,Demographics Questionnaire,4,,control,,,,set 2,Controls,ACCEPT,,Controls,No,bilingual-text,
16,1705493263184,17/01/2024 12:07:43,1705493263463,0,17/01/2024 12:07:43,155541,10,questionnaire-4eaj,,34275111,BLIND,10124618,,complete,,,computer,Desktop or Laptop,Windows 10,Edge 120.0.0.0,1600x900,1537x744,,,,Demographics Questionnaire,4,,control,,,,set 2,Controls,ACCEPT,,Controls,No,END QUESTIONNAIRE,19344
1,1705447798841,16/01/2024 23:29:58,1705447798433,0,16/01/2024 23:29:58,155541,10,questionnaire-4eaj,,34267428,BLIND,10121995,,complete,,,computer,Desktop or Laptop,Windows 10,Edge 120.0.0.0,1280x720,1272x598,,,,Demographics Questionnaire,4,,control,,,,set 1,Controls,ACCEPT,,Controls,No,BEGIN QUESTIONNAIRE,
2,1705447960709,16/01/2024 23:32:40,1705447959796,0,16/01/2024 23:32:39,155541,10,questionnaire-4eaj,,34267428,BLIND,10121995,,complete,,,computer,Desktop or Laptop,Windows 10,Edge 120.0.0.0,1280x720,1257x598,,,,Demographics Questionnaire,4,,control,,,,set 1,Controls,ACCEPT,,Controls,No,Age,18
3,1705447961000,16/01/2024 23:32:41,1705447959799,0,16/01/2024 23:32:39,155541,10,questionnaire-4eaj,,34267428,BLIND,10121995,,complete,,,computer,Desktop or Laptop,Windows 10,Edge 120.0.0.0,1280x720,1257x598,,,,Demographics Questionnaire,4,,control,,,,set 1,Controls,ACCEPT,,Controls,No,Gender,Woman
4,1705447961000,16/01/2024 23:32:41,1705447959799,0,16/01/2024 23:32:39,155541,10,questionnaire-4eaj,,34267428,BLIND,10121995,,complete,,,computer,Desktop or Laptop,Windows 10,Edge 120.0.0.0,1280x720,1257x598,,,,Demographics Questionnaire,4,,control,,,,set 1,Controls,ACCEPT,,Controls,No,Gender-quantised,2
5,1705447961000,16/01/2024 23:32:41,1705447959799,0,16/01/2024 23:32:39,155541,10,questionnaire-4eaj,,34267428,BLIND,10121995,,complete,,,computer,Desktop or Laptop,Windows 10,Edge 120.0.0.0,1280x720,1257x598,,,,Demographics Questionnaire,4,,control,,,,set 1,Controls,ACCEPT,,Controls,No,Gender-text,
6,1705447961000,16/01/2024 23:32:41,1705447959800,0,16/01/2024 23:32:39,155541,10,questionnaire-4eaj,,34267428,BLIND,10121995,,complete,,,computer,Desktop or Laptop,Windows 10,Edge 120.0.0.0,1280x720,1257x598,,,,Demographics Questionnaire,4,,control,,,,set 1,Controls,ACCEPT,,Controls,No,footedness,Right
7,1705447961000,16/01/2024 23:32:41,1705447959800,0,16/01/2024 23:32:39,155541,10,questionnaire-4eaj,,34267428,BLIND,10121995,,complete,,,computer,Desktop or Laptop,Windows 10,Edge 120.0.0.0,1280x720,1257x598,,,,Demographics Questionnaire,4,,control,,,,set 1,Controls,ACCEPT,,Controls,No,footedness-quantised,2
8,1705447961000,16/01/2024 23:32:41,1705447959800,0,16/01/2024 23:32:39,155541,10,questionnaire-4eaj,,34267428,BLIND,10121995,,complete,,,computer,Desktop or Laptop,Windows 10,Edge 120.0.0.0,1280x720,1257x598,,,,Demographics Questionnaire,4,,control,,,,set 1,Controls,ACCEPT,,Controls,No,categorical_hand,Right
9,1705447961000,16/01/2024 23:32:41,1705447959801,0,16/01/2024 23:32:39,155541,10,questionnaire-4eaj,,34267428,BLIND,10121995,,complete,,,computer,Desktop or Laptop,Windows 10,Edge 120.0.0.0,1280x720,1257x598,,,,Demographics Questionnaire,4,,control,,,,set 1,Controls,ACCEPT,,Controls,No,categorical_hand-quantised,2
10,1705447961000,16/01/2024 23:32:41,1705447959801,0,16/01/2024 23:32:39,155541,10,questionnaire-4eaj,,34267428,BLIND,10121995,,complete,,,computer,Desktop or Laptop,Windows 10,Edge 120.0.0.0,1280x720,1257x598,,,,Demographics Questionnaire,4,,control,,,,set 1,Controls,ACCEPT,,Controls,No,age_education,Yes
11,1705447961000,16/01/2024 23:32:41,1705447959801,0,16/01/2024 23:32:39,155541,10,questionnaire-4eaj,,34267428,BLIND,10121995,,complete,,,computer,Desktop or Laptop,Windows 10,Edge 120.0.0.0,1280x720,1257x598,,,,Demographics Questionnaire,4,,control,,,,set 1,Controls,ACCEPT,,Controls,No,age_education-quantised,1
12,1705447961000,16/01/2024 23:32:41,1705447959802,0,16/01/2024 23:32:39,155541,10,questionnaire-4eaj,,34267428,BLIND,10121995,,complete,,,computer,Desktop or Laptop,Windows 10,Edge 120.0.0.0,1280x720,1257x598,,,,Demographics Questionnaire,4,,control,,,,set 1,Controls,ACCEPT,,Controls,No,age_education-text,
13,1705447961000,16/01/2024 23:32:41,1705447959802,0,16/01/2024 23:32:39,155541,10,questionnaire-4eaj,,34267428,BLIND,10121995,,complete,,,computer,Desktop or Laptop,Windows 10,Edge 120.0.0.0,1280x720,1257x598,,,,Demographics Questionnaire,4,,control,,,,set 1,Controls,ACCEPT,,Controls,No,bilingual,No
14,1705447961000,16/01/2024 23:32:41,1705447959803,0,16/01/2024 23:32:39,155541,10,questionnaire-4eaj,,34267428,BLIND,10121995,,complete,,,computer,Desktop or Laptop,Windows 10,Edge 120.0.0.0,1280x720,1257x598,,,,Demographics Questionnaire,4,,control,,,,set 1,Controls,ACCEPT,,Controls,No,bilingual-quantised,1
15,1705447961000,16/01/2024 23:32:41,1705447959803,0,16/01/2024 23:32:39,155541,10,questionnaire-4eaj,,34267428,BLIND,10121995,,complete,,,computer,Desktop or Laptop,Windows 10,Edge 120.0.0.0,1280x720,1257x598,,,,Demographics Questionnaire,4,,control,,,,set 1,Controls,ACCEPT,,Controls,No,bilingual-text,
16,1705447961000,16/01/2024 23:32:41,1705447959803,0,16/01/2024 23:32:39,155541,10,questionnaire-4eaj,,34267428,BLIND,10121995,,complete,,,computer,Desktop or Laptop,Windows 10,Edge 120.0.0.0,1280x720,1257x598,,,,Demographics Questionnaire,4,,control,,,,set 1,Controls,ACCEPT,,Controls,No,END QUESTIONNAIRE,161370
1,1706968368652,03/02/2024 13:52:48,1706968368550,0,03/02/2024 13:52:48,155541,10,questionnaire-4eaj,,34767728,BLIND,10276472,,complete,,,computer,Desktop or Laptop,Mac OS 10.15.7,Safari 17.2,834x1194,1194x727,,,,Demographics Questionnaire,4,,control,,,,set 1,Controls,ACCEPT,,Controls,No,BEGIN QUESTIONNAIRE,
2,1706968389886,03/02/2024 13:53:09,1706968389791,0,03/02/2024 13:53:09,155541,10,questionnaire-4eaj,,34767728,BLIND,10276472,,complete,,,computer,Desktop or Laptop,Mac OS 10.15.7,Safari 17.2,834x1194,1194x727,,,,Demographics Questionnaire,4,,control,,,,set 1,Controls,ACCEPT,,Controls,No,Age,18
3,1706968389953,03/02/2024 13:53:09,1706968389794,0,03/02/2024 13:53:09,155541,10,questionnaire-4eaj,,34767728,BLIND,10276472,,complete,,,computer,Desktop or Laptop,Mac OS 10.15.7,Safari 17.2,834x1194,1194x727,,,,Demographics Questionnaire,4,,control,,,,set 1,Controls,ACCEPT,,Controls,No,Gender,Woman
4,1706968389953,03/02/2024 13:53:09,1706968389794,0,03/02/2024 13:53:09,155541,10,questionnaire-4eaj,,34767728,BLIND,10276472,,complete,,,computer,Desktop or Laptop,Mac OS 10.15.7,Safari 17.2,834x1194,1194x727,,,,Demographics Questionnaire,4,,control,,,,set 1,Controls,ACCEPT,,Controls,No,Gender-quantised,2
5,1706968389953,03/02/2024 13:53:09,1706968389794,0,03/02/2024 13:53:09,155541,10,questionnaire-4eaj,,34767728,BLIND,10276472,,complete,,,computer,Desktop or Laptop,Mac OS 10.15.7,Safari 17.2,834x1194,1194x727,,,,Demographics Questionnaire,4,,control,,,,set 1,Controls,ACCEPT,,Controls,No,Gender-text,
6,1706968389953,03/02/2024 13:53:09,1706968389794,0,03/02/2024 13:53:09,155541,10,questionnaire-4eaj,,34767728,BLIND,10276472,,complete,,,computer,Desktop or Laptop,Mac OS 10.15.7,Safari 17.2,834x1194,1194x727,,,,Demographics Questionnaire,4,,control,,,,set 1,Controls,ACCEPT,,Controls,No,footedness,Right
7,1706968389953,03/02/2024 13:53:09,1706968389794,0,03/02/2024 13:53:09,155541,10,questionnaire-4eaj,,34767728,BLIND,10276472,,complete,,,computer,Desktop or Laptop,Mac OS 10.15.7,Safari 17.2,834x1194,1194x727,,,,Demographics Questionnaire,4,,control,,,,set 1,Controls,ACCEPT,,Controls,No,footedness-quantised,2
8,1706968389953,03/02/2024 13:53:09,1706968389794,0,03/02/2024 13:53:09,155541,10,questionnaire-4eaj,,34767728,BLIND,10276472,,complete,,,computer,Desktop or Laptop,Mac OS 10.15.7,Safari 17.2,834x1194,1194x727,,,,Demographics Questionnaire,4,,control,,,,set 1,Controls,ACCEPT,,Controls,No,categorical_hand,Left
9,1706968389953,03/02/2024 13:53:09,1706968389794,0,03/02/2024 13:53:09,155541,10,questionnaire-4eaj,,34767728,BLIND,10276472,,complete,,,computer,Desktop or Laptop,Mac OS 10.15.7,Safari 17.2,834x1194,1194x727,,,,Demographics Questionnaire,4,,control,,,,set 1,Controls,ACCEPT,,Controls,No,categorical_hand-quantised,1
10,1706968389953,03/02/2024 13:53:09,1706968389795,0,03/02/2024 13:53:09,155541,10,questionnaire-4eaj,,34767728,BLIND,10276472,,complete,,,computer,Desktop or Laptop,Mac OS 10.15.7,Safari 17.2,834x1194,1194x727,,,,Demographics Questionnaire,4,,control,,,,set 1,Controls,ACCEPT,,Controls,No,age_education,Yes
11,1706968389953,03/02/2024 13:53:09,1706968389795,0,03/02/2024 13:53:09,155541,10,questionnaire-4eaj,,34767728,BLIND,10276472,,complete,,,computer,Desktop or Laptop,Mac OS 10.15.7,Safari 17.2,834x1194,1194x727,,,,Demographics Questionnaire,4,,control,,,,set 1,Controls,ACCEPT,,Controls,No,age_education-quantised,1
12,1706968389953,03/02/2024 13:53:09,1706968389795,0,03/02/2024 13:53:09,155541,10,questionnaire-4eaj,,34767728,BLIND,10276472,,complete,,,computer,Desktop or Laptop,Mac OS 10.15.7,Safari 17.2,834x1194,1194x727,,,,Demographics Questionnaire,4,,control,,,,set 1,Controls,ACCEPT,,Controls,No,age_education-text,
13,1706968389953,03/02/2024 13:53:09,1706968389795,0,03/02/2024 13:53:09,155541,10,questionnaire-4eaj,,34767728,BLIND,10276472,,complete,,,computer,Desktop or Laptop,Mac OS 10.15.7,Safari 17.2,834x1194,1194x727,,,,Demographics Questionnaire,4,,control,,,,set 1,Controls,ACCEPT,,Controls,No,bilingual,Yes. My strongest language is:
14,1706968389953,03/02/2024 13:53:09,1706968389795,0,03/02/2024 13:53:09,155541,10,questionnaire-4eaj,,34767728,BLIND,10276472,,complete,,,computer,Desktop or Laptop,Mac OS 10.15.7,Safari 17.2,834x1194,1194x727,,,,Demographics Questionnaire,4,,control,,,,set 1,Controls,ACCEPT,,Controls,No,bilingual-text,English
15,1706968389953,03/02/2024 13:53:09,1706968389795,0,03/02/2024 13:53:09,155541,10,questionnaire-4eaj,,34767728,BLIND,10276472,,complete,,,computer,Desktop or Laptop,Mac OS 10.15.7,Safari 17.2,834x1194,1194x727,,,,Demographics Questionnaire,4,,control,,,,set 1,Controls,ACCEPT,,Controls,No,END QUESTIONNAIRE,21245
1,1706707122613,31/01/2024 13:18:42,1706707116815,0,31/01/2024 13:18:36,155541,10,questionnaire-4eaj,,34640930,BLIND,10243319,,complete,,,computer,Desktop or Laptop,Windows 10,Chrome 120.0.0.0,1280x720,1280x551,,,,Demographics Questionnaire,4,,adhd,set 1,,,,Neurodiverse,,ACCEPT,Neurodiverse,No,BEGIN QUESTIONNAIRE,
2,1706707190106,31/01/2024 13:19:50,1706707184297,0,31/01/2024 13:19:44,155541,10,questionnaire-4eaj,,34640930,BLIND,10243319,,complete,,,computer,Desktop or Laptop,Windows 10,Chrome 120.0.0.0,1280x720,1263x551,,,,Demographics Questionnaire,4,,adhd,set 1,,,,Neurodiverse,,ACCEPT,Neurodiverse,No,Age,18
3,1706707190185,31/01/2024 13:19:50,1706707184299,0,31/01/2024 13:19:44,155541,10,questionnaire-4eaj,,34640930,BLIND,10243319,,complete,,,computer,Desktop or Laptop,Windows 10,Chrome 120.0.0.0,1280x720,1263x551,,,,Demographics Questionnaire,4,,adhd,set 1,,,,Neurodiverse,,ACCEPT,Neurodiverse,No,Gender,Man
4,1706707190185,31/01/2024 13:19:50,1706707184299,0,31/01/2024 13:19:44,155541,10,questionnaire-4eaj,,34640930,BLIND,10243319,,complete,,,computer,Desktop or Laptop,Windows 10,Chrome 120.0.0.0,1280x720,1263x551,,,,Demographics Questionnaire,4,,adhd,set 1,,,,Neurodiverse,,ACCEPT,Neurodiverse,No,Gender-quantised,1
5,1706707190185,31/01/2024 13:19:50,1706707184299,0,31/01/2024 13:19:44,155541,10,questionnaire-4eaj,,34640930,BLIND,10243319,,complete,,,computer,Desktop or Laptop,Windows 10,Chrome 120.0.0.0,1280x720,1263x551,,,,Demographics Questionnaire,4,,adhd,set 1,,,,Neurodiverse,,ACCEPT,Neurodiverse,No,Gender-text,
6,1706707190185,31/01/2024 13:19:50,1706707184300,0,31/01/2024 13:19:44,155541,10,questionnaire-4eaj,,34640930,BLIND,10243319,,complete,,,computer,Desktop or Laptop,Windows 10,Chrome 120.0.0.0,1280x720,1263x551,,,,Demographics Questionnaire,4,,adhd,set 1,,,,Neurodiverse,,ACCEPT,Neurodiverse,No,footedness,Right
7,1706707190185,31/01/2024 13:19:50,1706707184300,0,31/01/2024 13:19:44,155541,10,questionnaire-4eaj,,34640930,BLIND,10243319,,complete,,,computer,Desktop or Laptop,Windows 10,Chrome 120.0.0.0,1280x720,1263x551,,,,Demographics Questionnaire,4,,adhd,set 1,,,,Neurodiverse,,ACCEPT,Neurodiverse,No,footedness-quantised,2
8,1706707190185,31/01/2024 13:19:50,1706707184300,0,31/01/2024 13:19:44,155541,10,questionnaire-4eaj,,34640930,BLIND,10243319,,complete,,,computer,Desktop or Laptop,Windows 10,Chrome 120.0.0.0,1280x720,1263x551,,,,Demographics Questionnaire,4,,adhd,set 1,,,,Neurodiverse,,ACCEPT,Neurodiverse,No,categorical_hand,Right
9,1706707190185,31/01/2024 13:19:50,1706707184300,0,31/01/2024 13:19:44,155541,10,questionnaire-4eaj,,34640930,BLIND,10243319,,complete,,,computer,Desktop or Laptop,Windows 10,Chrome 120.0.0.0,1280x720,1263x551,,,,Demographics Questionnaire,4,,adhd,set 1,,,,Neurodiverse,,ACCEPT,Neurodiverse,No,categorical_hand-quantised,2
10,1706707190185,31/01/2024 13:19:50,1706707184300,0,31/01/2024 13:19:44,155541,10,questionnaire-4eaj,,34640930,BLIND,10243319,,complete,,,computer,Desktop or Laptop,Windows 10,Chrome 120.0.0.0,1280x720,1263x551,,,,Demographics Questionnaire,4,,adhd,set 1,,,,Neurodiverse,,ACCEPT,Neurodiverse,No,age_education,Yes
11,1706707190185,31/01/2024 13:19:50,1706707184301,0,31/01/2024 13:19:44,155541,10,questionnaire-4eaj,,34640930,BLIND,10243319,,complete,,,computer,Desktop or Laptop,Windows 10,Chrome 120.0.0.0,1280x720,1263x551,,,,Demographics Questionnaire,4,,adhd,set 1,,,,Neurodiverse,,ACCEPT,Neurodiverse,No,age_education-quantised,1
12,1706707190185,31/01/2024 13:19:50,1706707184301,0,31/01/2024 13:19:44,155541,10,questionnaire-4eaj,,34640930,BLIND,10243319,,complete,,,computer,Desktop or Laptop,Windows 10,Chrome 120.0.0.0,1280x720,1263x551,,,,Demographics Questionnaire,4,,adhd,set 1,,,,Neurodiverse,,ACCEPT,Neurodiverse,No,age_education-text,
13,1706707190185,31/01/2024 13:19:50,1706707184301,0,31/01/2024 13:19:44,155541,10,questionnaire-4eaj,,34640930,BLIND,10243319,,complete,,,computer,Desktop or Laptop,Windows 10,Chrome 120.0.0.0,1280x720,1263x551,,,,Demographics Questionnaire,4,,adhd,set 1,,,,Neurodiverse,,ACCEPT,Neurodiverse,No,bilingual,No
14,1706707190185,31/01/2024 13:19:50,1706707184302,0,31/01/2024 13:19:44,155541,10,questionnaire-4eaj,,34640930,BLIND,10243319,,complete,,,computer,Desktop or Laptop,Windows 10,Chrome 120.0.0.0,1280x720,1263x551,,,,Demographics Questionnaire,4,,adhd,set 1,,,,Neurodiverse,,ACCEPT,Neurodiverse,No,bilingual-quantised,1
15,1706707190185,31/01/2024 13:19:50,1706707184302,0,31/01/2024 13:19:44,155541,10,questionnaire-4eaj,,34640930,BLIND,10243319,,complete,,,computer,Desktop or Laptop,Windows 10,Chrome 120.0.0.0,1280x720,1263x551,,,,Demographics Questionnaire,4,,adhd,set 1,,,,Neurodiverse,,ACCEPT,Neurodiverse,No,bilingual-text,
16,1706707190185,31/01/2024 13:19:50,1706707184302,0,31/01/2024 13:19:44,155541,10,questionnaire-4eaj,,34640930,BLIND,10243319,,complete,,,computer,Desktop or Laptop,Windows 10,Chrome 120.0.0.0,1280x720,1263x551,,,,Demographics Questionnaire,4,,adhd,set 1,,,,Neurodiverse,,ACCEPT,Neurodiverse,No,END QUESTIONNAIRE,67487
1,1706454341267,28/01/2024 15:05:41,1706454341209,0,28/01/2024 15:05:41,155541,10,questionnaire-4eaj,,34554709,BLIND,10216339,,complete,,,computer,Desktop or Laptop,Mac OS 10.15.7,Chrome 119.0.0.0,1440x900,1440x718,,,,Demographics Questionnaire,4,,control,,,,set 2,Controls,ACCEPT,,Controls,No,BEGIN QUESTIONNAIRE,
2,1706454404727,28/01/2024 15:06:44,1706454404621,0,28/01/2024 15:06:44,155541,10,questionnaire-4eaj,,34554709,BLIND,10216339,,complete,,,computer,Desktop or Laptop,Mac OS 10.15.7,Chrome 119.0.0.0,1440x900,1440x718,,,,Demographics Questionnaire,4,,control,,,,set 2,Controls,ACCEPT,,Controls,No,Age,20
3,1706454404793,28/01/2024 15:06:44,1706454404623,0,28/01/2024 15:06:44,155541,10,questionnaire-4eaj,,34554709,BLIND,10216339,,complete,,,computer,Desktop or Laptop,Mac OS 10.15.7,Chrome 119.0.0.0,1440x900,1440x718,,,,Demographics Questionnaire,4,,control,,,,set 2,Controls,ACCEPT,,Controls,No,Gender,Woman
4,1706454404793,28/01/2024 15:06:44,1706454404623,0,28/01/2024 15:06:44,155541,10,questionnaire-4eaj,,34554709,BLIND,10216339,,complete,,,computer,Desktop or Laptop,Mac OS 10.15.7,Chrome 119.0.0.0,1440x900,1440x718,,,,Demographics Questionnaire,4,,control,,,,set 2,Controls,ACCEPT,,Controls,No,Gender-quantised,2
5,1706454404793,28/01/2024 15:06:44,1706454404623,0,28/01/2024 15:06:44,155541,10,questionnaire-4eaj,,34554709,BLIND,10216339,,complete,,,computer,Desktop or Laptop,Mac OS 10.15.7,Chrome 119.0.0.0,1440x900,1440x718,,,,Demographics Questionnaire,4,,control,,,,set 2,Controls,ACCEPT,,Controls,No,Gender-text,
6,1706454404793,28/01/2024 15:06:44,1706454404623,0,28/01/2024 15:06:44,155541,10,questionnaire-4eaj,,34554709,BLIND,10216339,,complete,,,computer,Desktop or Laptop,Mac OS 10.15.7,Chrome 119.0.0.0,1440x900,1440x718,,,,Demographics Questionnaire,4,,control,,,,set 2,Controls,ACCEPT,,Controls,No,footedness,Right
7,1706454404793,28/01/2024 15:06:44,1706454404623,0,28/01/2024 15:06:44,155541,10,questionnaire-4eaj,,34554709,BLIND,10216339,,complete,,,computer,Desktop or Laptop,Mac OS 10.15.7,Chrome 119.0.0.0,1440x900,1440x718,,,,Demographics Questionnaire,4,,control,,,,set 2,Controls,ACCEPT,,Controls,No,footedness-quantised,2
8,1706454404793,28/01/2024 15:06:44,1706454404623,0,28/01/2024 15:06:44,155541,10,questionnaire-4eaj,,34554709,BLIND,10216339,,complete,,,computer,Desktop or Laptop,Mac OS 10.15.7,Chrome 119.0.0.0,1440x900,1440x718,,,,Demographics Questionnaire,4,,control,,,,set 2,Controls,ACCEPT,,Controls,No,categorical_hand,Right
9,1706454404793,28/01/2024 15:06:44,1706454404623,0,28/01/2024 15:06:44,155541,10,questionnaire-4eaj,,34554709,BLIND,10216339,,complete,,,computer,Desktop or Laptop,Mac OS 10.15.7,Chrome 119.0.0.0,1440x900,1440x718,,,,Demographics Questionnaire,4,,control,,,,set 2,Controls,ACCEPT,,Controls,No,categorical_hand-quantised,2
10,1706454404793,28/01/2024 15:06:44,1706454404623,0,28/01/2024 15:06:44,155541,10,questionnaire-4eaj,,34554709,BLIND,10216339,,complete,,,computer,Desktop or Laptop,Mac OS 10.15.7,Chrome 119.0.0.0,1440x900,1440x718,,,,Demographics Questionnaire,4,,control,,,,set 2,Controls,ACCEPT,,Controls,No,age_education,Yes
11,1706454404793,28/01/2024 15:06:44,1706454404624,0,28/01/2024 15:06:44,155541,10,questionnaire-4eaj,,34554709,BLIND,10216339,,complete,,,computer,Desktop or Laptop,Mac OS 10.15.7,Chrome 119.0.0.0,1440x900,1440x718,,,,Demographics Questionnaire,4,,control,,,,set 2,Controls,ACCEPT,,Controls,No,age_education-quantised,1
12,1706454404793,28/01/2024 15:06:44,1706454404624,0,28/01/2024 15:06:44,155541,10,questionnaire-4eaj,,34554709,BLIND,10216339,,complete,,,computer,Desktop or Laptop,Mac OS 10.15.7,Chrome 119.0.0.0,1440x900,1440x718,,,,Demographics Questionnaire,4,,control,,,,set 2,Controls,ACCEPT,,Controls,No,age_education-text,
13,1706454404793,28/01/2024 15:06:44,1706454404624,0,28/01/2024 15:06:44,155541,10,questionnaire-4eaj,,34554709,BLIND,10216339,,complete,,,computer,Desktop or Laptop,Mac OS 10.15.7,Chrome 119.0.0.0,1440x900,1440x718,,,,Demographics Questionnaire,4,,control,,,,set 2,Controls,ACCEPT,,Controls,No,bilingual,No
14,1706454404793,28/01/2024 15:06:44,1706454404624,0,28/01/2024 15:06:44,155541,10,questionnaire-4eaj,,34554709,BLIND,10216339,,complete,,,computer,Desktop or Laptop,Mac OS 10.15.7,Chrome 119.0.0.0,1440x900,1440x718,,,,Demographics Questionnaire,4,,control,,,,set 2,Controls,ACCEPT,,Controls,No,bilingual-quantised,1
15,1706454404793,28/01/2024 15:06:44,1706454404624,0,28/01/2024 15:06:44,155541,10,questionnaire-4eaj,,34554709,BLIND,10216339,,complete,,,computer,Desktop or Laptop,Mac OS 10.15.7,Chrome 119.0.0.0,1440x900,1440x718,,,,Demographics Questionnaire,4,,control,,,,set 2,Controls,ACCEPT,,Controls,No,bilingual-text,
16,1706454404793,28/01/2024 15:06:44,1706454404624,0,28/01/2024 15:06:44,155541,10,questionnaire-4eaj,,34554709,BLIND,10216339,,complete,,,computer,Desktop or Laptop,Mac OS 10.15.7,Chrome 119.0.0.0,1440x900,1440x718,,,,Demographics Questionnaire,4,,control,,,,set 2,Controls,ACCEPT,,Controls,No,END QUESTIONNAIRE,63415
1,1706371427124,27/01/2024 16:03:47,1706371444751,0,27/01/2024 16:04:04,155541,10,questionnaire-4eaj,,34540579,BLIND,10211803,,complete,,,computer,Desktop or Laptop,Windows 10,Edge 120.0.0.0,1280x720,1232x598,,,,Demographics Questionnaire,4,,control,,,,set 2,Controls,ACCEPT,,Controls,No,BEGIN QUESTIONNAIRE,
2,1706371452818,27/01/2024 16:04:12,1706371470155,0,27/01/2024 16:04:30,155541,10,questionnaire-4eaj,,34540579,BLIND,10211803,,complete,,,computer,Desktop or Laptop,Windows 10,Edge 120.0.0.0,1280x720,1217x598,,,,Demographics Questionnaire,4,,control,,,,set 2,Controls,ACCEPT,,Controls,No,Age,18
3,1706371452990,27/01/2024 16:04:12,1706371470157,0,27/01/2024 16:04:30,155541,10,questionnaire-4eaj,,34540579,BLIND,10211803,,complete,,,computer,Desktop or Laptop,Windows 10,Edge 120.0.0.0,1280x720,1217x598,,,,Demographics Questionnaire,4,,control,,,,set 2,Controls,ACCEPT,,Controls,No,Gender,Woman
4,1706371452990,27/01/2024 16:04:12,1706371470158,0,27/01/2024 16:04:30,155541,10,questionnaire-4eaj,,34540579,BLIND,10211803,,complete,,,computer,Desktop or Laptop,Windows 10,Edge 120.0.0.0,1280x720,1217x598,,,,Demographics Questionnaire,4,,control,,,,set 2,Controls,ACCEPT,,Controls,No,Gender-quantised,2
5,1706371452990,27/01/2024 16:04:12,1706371470158,0,27/01/2024 16:04:30,155541,10,questionnaire-4eaj,,34540579,BLIND,10211803,,complete,,,computer,Desktop or Laptop,Windows 10,Edge 120.0.0.0,1280x720,1217x598,,,,Demographics Questionnaire,4,,control,,,,set 2,Controls,ACCEPT,,Controls,No,Gender-text,
6,1706371452990,27/01/2024 16:04:12,1706371470159,0,27/01/2024 16:04:30,155541,10,questionnaire-4eaj,,34540579,BLIND,10211803,,complete,,,computer,Desktop or Laptop,Windows 10,Edge 120.0.0.0,1280x720,1217x598,,,,Demographics Questionnaire,4,,control,,,,set 2,Controls,ACCEPT,,Controls,No,footedness,Right
7,1706371452990,27/01/2024 16:04:12,1706371470159,0,27/01/2024 16:04:30,155541,10,questionnaire-4eaj,,34540579,BLIND,10211803,,complete,,,computer,Desktop or Laptop,Windows 10,Edge 120.0.0.0,1280x720,1217x598,,,,Demographics Questionnaire,4,,control,,,,set 2,Controls,ACCEPT,,Controls,No,footedness-quantised,2
8,1706371452990,27/01/2024 16:04:12,1706371470159,0,27/01/2024 16:04:30,155541,10,questionnaire-4eaj,,34540579,BLIND,10211803,,complete,,,computer,Desktop or Laptop,Windows 10,Edge 120.0.0.0,1280x720,1217x598,,,,Demographics Questionnaire,4,,control,,,,set 2,Controls,ACCEPT,,Controls,No,categorical_hand,Right
9,1706371452990,27/01/2024 16:04:12,1706371470159,0,27/01/2024 16:04:30,155541,10,questionnaire-4eaj,,34540579,BLIND,10211803,,complete,,,computer,Desktop or Laptop,Windows 10,Edge 120.0.0.0,1280x720,1217x598,,,,Demographics Questionnaire,4,,control,,,,set 2,Controls,ACCEPT,,Controls,No,categorical_hand-quantised,2
10,1706371452990,27/01/2024 16:04:12,1706371470160,0,27/01/2024 16:04:30,155541,10,questionnaire-4eaj,,34540579,BLIND,10211803,,complete,,,computer,Desktop or Laptop,Windows 10,Edge 120.0.0.0,1280x720,1217x598,,,,Demographics Questionnaire,4,,control,,,,set 2,Controls,ACCEPT,,Controls,No,age_education,Yes
11,1706371452990,27/01/2024 16:04:12,1706371470160,0,27/01/2024 16:04:30,155541,10,questionnaire-4eaj,,34540579,BLIND,10211803,,complete,,,computer,Desktop or Laptop,Windows 10,Edge 120.0.0.0,1280x720,1217x598,,,,Demographics Questionnaire,4,,control,,,,set 2,Controls,ACCEPT,,Controls,No,age_education-quantised,1
12,1706371452990,27/01/2024 16:04:12,1706371470161,0,27/01/2024 16:04:30,155541,10,questionnaire-4eaj,,34540579,BLIND,10211803,,complete,,,computer,Desktop or Laptop,Windows 10,Edge 120.0.0.0,1280x720,1217x598,,,,Demographics Questionnaire,4,,control,,,,set 2,Controls,ACCEPT,,Controls,No,age_education-text,
13,1706371452990,27/01/2024 16:04:12,1706371470162,0,27/01/2024 16:04:30,155541,10,questionnaire-4eaj,,34540579,BLIND,10211803,,complete,,,computer,Desktop or Laptop,Windows 10,Edge 120.0.0.0,1280x720,1217x598,,,,Demographics Questionnaire,4,,control,,,,set 2,Controls,ACCEPT,,Controls,No,bilingual,No
14,1706371452990,27/01/2024 16:04:12,1706371470163,0,27/01/2024 16:04:30,155541,10,questionnaire-4eaj,,34540579,BLIND,10211803,,complete,,,computer,Desktop or Laptop,Windows 10,Edge 120.0.0.0,1280x720,1217x598,,,,Demographics Questionnaire,4,,control,,,,set 2,Controls,ACCEPT,,Controls,No,bilingual-quantised,1
15,1706371452990,27/01/2024 16:04:12,1706371470163,0,27/01/2024 16:04:30,155541,10,questionnaire-4eaj,,34540579,BLIND,10211803,,complete,,,computer,Desktop or Laptop,Windows 10,Edge 120.0.0.0,1280x720,1217x598,,,,Demographics Questionnaire,4,,control,,,,set 2,Controls,ACCEPT,,Controls,No,bilingual-text,
16,1706371452990,27/01/2024 16:04:12,1706371470164,0,27/01/2024 16:04:30,155541,10,questionnaire-4eaj,,34540579,BLIND,10211803,,complete,,,computer,Desktop or Laptop,Windows 10,Edge 120.0.0.0,1280x720,1217x598,,,,Demographics Questionnaire,4,,control,,,,set 2,Controls,ACCEPT,,Controls,No,END QUESTIONNAIRE,25413
1,1706284987108,26/01/2024 16:03:07,1706284985890,0,26/01/2024 16:03:05,155541,10,questionnaire-4eaj,,34518536,BLIND,10205713,,complete,,,computer,Desktop or Laptop,Windows 10,Chrome 121.0.0.0,1536x864,1536x730,,,,Demographics Questionnaire,4,,control,,,,set 1,Controls,ACCEPT,,Controls,No,BEGIN QUESTIONNAIRE,
2,1706285023914,26/01/2024 16:03:43,1706285022740,0,26/01/2024 16:03:42,155541,10,questionnaire-4eaj,,34518536,BLIND,10205713,,complete,,,computer,Desktop or Laptop,Windows 10,Chrome 121.0.0.0,1536x864,1519x730,,,,Demographics Questionnaire,4,,control,,,,set 1,Controls,ACCEPT,,Controls,No,Age,18
3,1706285023984,26/01/2024 16:03:43,1706285022742,0,26/01/2024 16:03:42,155541,10,questionnaire-4eaj,,34518536,BLIND,10205713,,complete,,,computer,Desktop or Laptop,Windows 10,Chrome 121.0.0.0,1536x864,1519x730,,,,Demographics Questionnaire,4,,control,,,,set 1,Controls,ACCEPT,,Controls,No,Gender,Woman
4,1706285023984,26/01/2024 16:03:43,1706285022742,0,26/01/2024 16:03:42,155541,10,questionnaire-4eaj,,34518536,BLIND,10205713,,complete,,,computer,Desktop or Laptop,Windows 10,Chrome 121.0.0.0,1536x864,1519x730,,,,Demographics Questionnaire,4,,control,,,,set 1,Controls,ACCEPT,,Controls,No,Gender-quantised,2
5,1706285023984,26/01/2024 16:03:43,1706285022743,0,26/01/2024 16:03:42,155541,10,questionnaire-4eaj,,34518536,BLIND,10205713,,complete,,,computer,Desktop or Laptop,Windows 10,Chrome 121.0.0.0,1536x864,1519x730,,,,Demographics Questionnaire,4,,control,,,,set 1,Controls,ACCEPT,,Controls,No,Gender-text,
6,1706285023984,26/01/2024 16:03:43,1706285022743,0,26/01/2024 16:03:42,155541,10,questionnaire-4eaj,,34518536,BLIND,10205713,,complete,,,computer,Desktop or Laptop,Windows 10,Chrome 121.0.0.0,1536x864,1519x730,,,,Demographics Questionnaire,4,,control,,,,set 1,Controls,ACCEPT,,Controls,No,footedness,Don't know / No preference
7,1706285023984,26/01/2024 16:03:43,1706285022743,0,26/01/2024 16:03:42,155541,10,questionnaire-4eaj,,34518536,BLIND,10205713,,complete,,,computer,Desktop or Laptop,Windows 10,Chrome 121.0.0.0,1536x864,1519x730,,,,Demographics Questionnaire,4,,control,,,,set 1,Controls,ACCEPT,,Controls,No,footedness-quantised,3
8,1706285023984,26/01/2024 16:03:43,1706285022743,0,26/01/2024 16:03:42,155541,10,questionnaire-4eaj,,34518536,BLIND,10205713,,complete,,,computer,Desktop or Laptop,Windows 10,Chrome 121.0.0.0,1536x864,1519x730,,,,Demographics Questionnaire,4,,control,,,,set 1,Controls,ACCEPT,,Controls,No,categorical_hand,Left
9,1706285023984,26/01/2024 16:03:43,1706285022743,0,26/01/2024 16:03:42,155541,10,questionnaire-4eaj,,34518536,BLIND,10205713,,complete,,,computer,Desktop or Laptop,Windows 10,Chrome 121.0.0.0,1536x864,1519x730,,,,Demographics Questionnaire,4,,control,,,,set 1,Controls,ACCEPT,,Controls,No,categorical_hand-quantised,1
10,1706285023984,26/01/2024 16:03:43,1706285022743,0,26/01/2024 16:03:42,155541,10,questionnaire-4eaj,,34518536,BLIND,10205713,,complete,,,computer,Desktop or Laptop,Windows 10,Chrome 121.0.0.0,1536x864,1519x730,,,,Demographics Questionnaire,4,,control,,,,set 1,Controls,ACCEPT,,Controls,No,age_education,Yes
11,1706285023984,26/01/2024 16:03:43,1706285022744,0,26/01/2024 16:03:42,155541,10,questionnaire-4eaj,,34518536,BLIND,10205713,,complete,,,computer,Desktop or Laptop,Windows 10,Chrome 121.0.0.0,1536x864,1519x730,,,,Demographics Questionnaire,4,,control,,,,set 1,Controls,ACCEPT,,Controls,No,age_education-quantised,1
12,1706285023984,26/01/2024 16:03:43,1706285022744,0,26/01/2024 16:03:42,155541,10,questionnaire-4eaj,,34518536,BLIND,10205713,,complete,,,computer,Desktop or Laptop,Windows 10,Chrome 121.0.0.0,1536x864,1519x730,,,,Demographics Questionnaire,4,,control,,,,set 1,Controls,ACCEPT,,Controls,No,age_education-text,
13,1706285023984,26/01/2024 16:03:43,1706285022744,0,26/01/2024 16:03:42,155541,10,questionnaire-4eaj,,34518536,BLIND,10205713,,complete,,,computer,Desktop or Laptop,Windows 10,Chrome 121.0.0.0,1536x864,1519x730,,,,Demographics Questionnaire,4,,control,,,,set 1,Controls,ACCEPT,,Controls,No,bilingual,No
14,1706285023984,26/01/2024 16:03:43,1706285022744,0,26/01/2024 16:03:42,155541,10,questionnaire-4eaj,,34518536,BLIND,10205713,,complete,,,computer,Desktop or Laptop,Windows 10,Chrome 121.0.0.0,1536x864,1519x730,,,,Demographics Questionnaire,4,,control,,,,set 1,Controls,ACCEPT,,Controls,No,bilingual-quantised,1
15,1706285023984,26/01/2024 16:03:43,1706285022744,0,26/01/2024 16:03:42,155541,10,questionnaire-4eaj,,34518536,BLIND,10205713,,complete,,,computer,Desktop or Laptop,Windows 10,Chrome 121.0.0.0,1536x864,1519x730,,,,Demographics Questionnaire,4,,control,,,,set 1,Controls,ACCEPT,,Controls,No,bilingual-text,
16,1706285023984,26/01/2024 16:03:43,1706285022744,0,26/01/2024 16:03:42,155541,10,questionnaire-4eaj,,34518536,BLIND,10205713,,complete,,,computer,Desktop or Laptop,Windows 10,Chrome 121.0.0.0,1536x864,1519x730,,,,Demographics Questionnaire,4,,control,,,,set 1,Controls,ACCEPT,,Controls,No,END QUESTIONNAIRE,36854
1,1706109233885,24/01/2024 15:13:53,1706109233772,0,24/01/2024 15:13:53,155541,10,questionnaire-4eaj,,34450341,BLIND,10182962,,complete,,,computer,Desktop or Laptop,Mac OS 10.15.7,Safari 16.1,1280x800,1040x638,,,,Demographics Questionnaire,4,,control,,,,set 1,Controls,ACCEPT,,Controls,No,BEGIN QUESTIONNAIRE,
2,1706109257659,24/01/2024 15:14:17,1706109257574,0,24/01/2024 15:14:17,155541,10,questionnaire-4eaj,,34450341,BLIND,10182962,,complete,,,computer,Desktop or Laptop,Mac OS 10.15.7,Safari 16.1,1280x800,1280x720,,,,Demographics Questionnaire,4,,control,,,,set 1,Controls,ACCEPT,,Controls,No,Age,18
3,1706109257752,24/01/2024 15:14:17,1706109257576,0,24/01/2024 15:14:17,155541,10,questionnaire-4eaj,,34450341,BLIND,10182962,,complete,,,computer,Desktop or Laptop,Mac OS 10.15.7,Safari 16.1,1280x800,1280x720,,,,Demographics Questionnaire,4,,control,,,,set 1,Controls,ACCEPT,,Controls,No,Gender,Woman
4,1706109257752,24/01/2024 15:14:17,1706109257576,0,24/01/2024 15:14:17,155541,10,questionnaire-4eaj,,34450341,BLIND,10182962,,complete,,,computer,Desktop or Laptop,Mac OS 10.15.7,Safari 16.1,1280x800,1280x720,,,,Demographics Questionnaire,4,,control,,,,set 1,Controls,ACCEPT,,Controls,No,Gender-quantised,2
5,1706109257752,24/01/2024 15:14:17,1706109257576,0,24/01/2024 15:14:17,155541,10,questionnaire-4eaj,,34450341,BLIND,10182962,,complete,,,computer,Desktop or Laptop,Mac OS 10.15.7,Safari 16.1,1280x800,1280x720,,,,Demographics Questionnaire,4,,control,,,,set 1,Controls,ACCEPT,,Controls,No,Gender-text,
6,1706109257752,24/01/2024 15:14:17,1706109257576,0,24/01/2024 15:14:17,155541,10,questionnaire-4eaj,,34450341,BLIND,10182962,,complete,,,computer,Desktop or Laptop,Mac OS 10.15.7,Safari 16.1,1280x800,1280x720,,,,Demographics Questionnaire,4,,control,,,,set 1,Controls,ACCEPT,,Controls,No,footedness,Right
7,1706109257752,24/01/2024 15:14:17,1706109257576,0,24/01/2024 15:14:17,155541,10,questionnaire-4eaj,,34450341,BLIND,10182962,,complete,,,computer,Desktop or Laptop,Mac OS 10.15.7,Safari 16.1,1280x800,1280x720,,,,Demographics Questionnaire,4,,control,,,,set 1,Controls,ACCEPT,,Controls,No,footedness-quantised,2
8,1706109257752,24/01/2024 15:14:17,1706109257576,0,24/01/2024 15:14:17,155541,10,questionnaire-4eaj,,34450341,BLIND,10182962,,complete,,,computer,Desktop or Laptop,Mac OS 10.15.7,Safari 16.1,1280x800,1280x720,,,,Demographics Questionnaire,4,,control,,,,set 1,Controls,ACCEPT,,Controls,No,categorical_hand,Right
9,1706109257752,24/01/2024 15:14:17,1706109257576,0,24/01/2024 15:14:17,155541,10,questionnaire-4eaj,,34450341,BLIND,10182962,,complete,,,computer,Desktop or Laptop,Mac OS 10.15.7,Safari 16.1,1280x800,1280x720,,,,Demographics Questionnaire,4,,control,,,,set 1,Controls,ACCEPT,,Controls,No,categorical_hand-quantised,2
10,1706109257752,24/01/2024 15:14:17,1706109257576,0,24/01/2024 15:14:17,155541,10,questionnaire-4eaj,,34450341,BLIND,10182962,,complete,,,computer,Desktop or Laptop,Mac OS 10.15.7,Safari 16.1,1280x800,1280x720,,,,Demographics Questionnaire,4,,control,,,,set 1,Controls,ACCEPT,,Controls,No,age_education,Yes
11,1706109257752,24/01/2024 15:14:17,1706109257576,0,24/01/2024 15:14:17,155541,10,questionnaire-4eaj,,34450341,BLIND,10182962,,complete,,,computer,Desktop or Laptop,Mac OS 10.15.7,Safari 16.1,1280x800,1280x720,,,,Demographics Questionnaire,4,,control,,,,set 1,Controls,ACCEPT,,Controls,No,age_education-quantised,1
12,1706109257752,24/01/2024 15:14:17,1706109257577,0,24/01/2024 15:14:17,155541,10,questionnaire-4eaj,,34450341,BLIND,10182962,,complete,,,computer,Desktop or Laptop,Mac OS 10.15.7,Safari 16.1,1280x800,1280x720,,,,Demographics Questionnaire,4,,control,,,,set 1,Controls,ACCEPT,,Controls,No,age_education-text,
13,1706109257752,24/01/2024 15:14:17,1706109257577,0,24/01/2024 15:14:17,155541,10,questionnaire-4eaj,,34450341,BLIND,10182962,,complete,,,computer,Desktop or Laptop,Mac OS 10.15.7,Safari 16.1,1280x800,1280x720,,,,Demographics Questionnaire,4,,control,,,,set 1,Controls,ACCEPT,,Controls,No,bilingual,No
14,1706109257752,24/01/2024 15:14:17,1706109257577,0,24/01/2024 15:14:17,155541,10,questionnaire-4eaj,,34450341,BLIND,10182962,,complete,,,computer,Desktop or Laptop,Mac OS 10.15.7,Safari 16.1,1280x800,1280x720,,,,Demographics Questionnaire,4,,control,,,,set 1,Controls,ACCEPT,,Controls,No,bilingual-quantised,1
15,1706109257752,24/01/2024 15:14:17,1706109257577,0,24/01/2024 15:14:17,155541,10,questionnaire-4eaj,,34450341,BLIND,10182962,,complete,,,computer,Desktop or Laptop,Mac OS 10.15.7,Safari 16.1,1280x800,1280x720,,,,Demographics Questionnaire,4,,control,,,,set 1,Controls,ACCEPT,,Controls,No,bilingual-text,
16,1706109257752,24/01/2024 15:14:17,1706109257577,0,24/01/2024 15:14:17,155541,10,questionnaire-4eaj,,34450341,BLIND,10182962,,complete,,,computer,Desktop or Laptop,Mac OS 10.15.7,Safari 16.1,1280x800,1280x720,,,,Demographics Questionnaire,4,,control,,,,set 1,Controls,ACCEPT,,Controls,No,END QUESTIONNAIRE,23805
1,1706009822425,23/01/2024 11:37:02,1706009822297,0,23/01/2024 11:37:02,155541,10,questionnaire-4eaj,,34402249,BLIND,10168138,,complete,,,computer,Desktop or Laptop,Mac OS 10.15.7,Chrome 120.0.0.0,1440x900,1440x779,,,,Demographics Questionnaire,4,,control,,,,set 2,Controls,ACCEPT,,Controls,No,BEGIN QUESTIONNAIRE,
2,1706009838396,23/01/2024 11:37:18,1706009838066,0,23/01/2024 11:37:18,155541,10,questionnaire-4eaj,,34402249,BLIND,10168138,,complete,,,computer,Desktop or Laptop,Mac OS 10.15.7,Chrome 120.0.0.0,1440x900,1440x779,,,,Demographics Questionnaire,4,,control,,,,set 2,Controls,ACCEPT,,Controls,No,Age,18
3,1706009838487,23/01/2024 11:37:18,1706009838068,0,23/01/2024 11:37:18,155541,10,questionnaire-4eaj,,34402249,BLIND,10168138,,complete,,,computer,Desktop or Laptop,Mac OS 10.15.7,Chrome 120.0.0.0,1440x900,1440x779,,,,Demographics Questionnaire,4,,control,,,,set 2,Controls,ACCEPT,,Controls,No,Gender,Woman
4,1706009838487,23/01/2024 11:37:18,1706009838068,0,23/01/2024 11:37:18,155541,10,questionnaire-4eaj,,34402249,BLIND,10168138,,complete,,,computer,Desktop or Laptop,Mac OS 10.15.7,Chrome 120.0.0.0,1440x900,1440x779,,,,Demographics Questionnaire,4,,control,,,,set 2,Controls,ACCEPT,,Controls,No,Gender-quantised,2
5,1706009838487,23/01/2024 11:37:18,1706009838068,0,23/01/2024 11:37:18,155541,10,questionnaire-4eaj,,34402249,BLIND,10168138,,complete,,,computer,Desktop or Laptop,Mac OS 10.15.7,Chrome 120.0.0.0,1440x900,1440x779,,,,Demographics Questionnaire,4,,control,,,,set 2,Controls,ACCEPT,,Controls,No,Gender-text,
6,1706009838487,23/01/2024 11:37:18,1706009838068,0,23/01/2024 11:37:18,155541,10,questionnaire-4eaj,,34402249,BLIND,10168138,,complete,,,computer,Desktop or Laptop,Mac OS 10.15.7,Chrome 120.0.0.0,1440x900,1440x779,,,,Demographics Questionnaire,4,,control,,,,set 2,Controls,ACCEPT,,Controls,No,footedness,Left
7,1706009838487,23/01/2024 11:37:18,1706009838068,0,23/01/2024 11:37:18,155541,10,questionnaire-4eaj,,34402249,BLIND,10168138,,complete,,,computer,Desktop or Laptop,Mac OS 10.15.7,Chrome 120.0.0.0,1440x900,1440x779,,,,Demographics Questionnaire,4,,control,,,,set 2,Controls,ACCEPT,,Controls,No,footedness-quantised,1
8,1706009838487,23/01/2024 11:37:18,1706009838068,0,23/01/2024 11:37:18,155541,10,questionnaire-4eaj,,34402249,BLIND,10168138,,complete,,,computer,Desktop or Laptop,Mac OS 10.15.7,Chrome 120.0.0.0,1440x900,1440x779,,,,Demographics Questionnaire,4,,control,,,,set 2,Controls,ACCEPT,,Controls,No,categorical_hand,Left
9,1706009838487,23/01/2024 11:37:18,1706009838068,0,23/01/2024 11:37:18,155541,10,questionnaire-4eaj,,34402249,BLIND,10168138,,complete,,,computer,Desktop or Laptop,Mac OS 10.15.7,Chrome 120.0.0.0,1440x900,1440x779,,,,Demographics Questionnaire,4,,control,,,,set 2,Controls,ACCEPT,,Controls,No,categorical_hand-quantised,1
10,1706009838487,23/01/2024 11:37:18,1706009838068,0,23/01/2024 11:37:18,155541,10,questionnaire-4eaj,,34402249,BLIND,10168138,,complete,,,computer,Desktop or Laptop,Mac OS 10.15.7,Chrome 120.0.0.0,1440x900,1440x779,,,,Demographics Questionnaire,4,,control,,,,set 2,Controls,ACCEPT,,Controls,No,age_education,Yes
11,1706009838487,23/01/2024 11:37:18,1706009838068,0,23/01/2024 11:37:18,155541,10,questionnaire-4eaj,,34402249,BLIND,10168138,,complete,,,computer,Desktop or Laptop,Mac OS 10.15.7,Chrome 120.0.0.0,1440x900,1440x779,,,,Demographics Questionnaire,4,,control,,,,set 2,Controls,ACCEPT,,Controls,No,age_education-quantised,1
12,1706009838487,23/01/2024 11:37:18,1706009838068,0,23/01/2024 11:37:18,155541,10,questionnaire-4eaj,,34402249,BLIND,10168138,,complete,,,computer,Desktop or Laptop,Mac OS 10.15.7,Chrome 120.0.0.0,1440x900,1440x779,,,,Demographics Questionnaire,4,,control,,,,set 2,Controls,ACCEPT,,Controls,No,age_education-text,
13,1706009838487,23/01/2024 11:37:18,1706009838069,0,23/01/2024 11:37:18,155541,10,questionnaire-4eaj,,34402249,BLIND,10168138,,complete,,,computer,Desktop or Laptop,Mac OS 10.15.7,Chrome 120.0.0.0,1440x900,1440x779,,,,Demographics Questionnaire,4,,control,,,,set 2,Controls,ACCEPT,,Controls,No,bilingual,Yes. My strongest language is:
14,1706009838487,23/01/2024 11:37:18,1706009838069,0,23/01/2024 11:37:18,155541,10,questionnaire-4eaj,,34402249,BLIND,10168138,,complete,,,computer,Desktop or Laptop,Mac OS 10.15.7,Chrome 120.0.0.0,1440x900,1440x779,,,,Demographics Questionnaire,4,,control,,,,set 2,Controls,ACCEPT,,Controls,No,bilingual-text,English
15,1706009838487,23/01/2024 11:37:18,1706009838069,0,23/01/2024 11:37:18,155541,10,questionnaire-4eaj,,34402249,BLIND,10168138,,complete,,,computer,Desktop or Laptop,Mac OS 10.15.7,Chrome 120.0.0.0,1440x900,1440x779,,,,Demographics Questionnaire,4,,control,,,,set 2,Controls,ACCEPT,,Controls,No,END QUESTIONNAIRE,15772
1,1705956589757,22/01/2024 20:49:49,1705956597598,0,22/01/2024 20:49:57,155541,10,questionnaire-4eaj,,34392019,BLIND,10164423,,complete,,,computer,Desktop or Laptop,Windows 10,Edge 120.0.0.0,1536x864,1488x708,,,,Demographics Questionnaire,4,,control,,,,set 2,Controls,ACCEPT,,Controls,No,BEGIN QUESTIONNAIRE,
2,1705956613990,22/01/2024 20:50:13,1705956621875,0,22/01/2024 20:50:21,155541,10,questionnaire-4eaj,,34392019,BLIND,10164423,,complete,,,computer,Desktop or Laptop,Windows 10,Edge 120.0.0.0,1536x864,1473x708,,,,Demographics Questionnaire,4,,control,,,,set 2,Controls,ACCEPT,,Controls,No,Age,19
3,1705956614055,22/01/2024 20:50:14,1705956621877,0,22/01/2024 20:50:21,155541,10,questionnaire-4eaj,,34392019,BLIND,10164423,,complete,,,computer,Desktop or Laptop,Windows 10,Edge 120.0.0.0,1536x864,1473x708,,,,Demographics Questionnaire,4,,control,,,,set 2,Controls,ACCEPT,,Controls,No,Gender,Woman
4,1705956614055,22/01/2024 20:50:14,1705956621877,0,22/01/2024 20:50:21,155541,10,questionnaire-4eaj,,34392019,BLIND,10164423,,complete,,,computer,Desktop or Laptop,Windows 10,Edge 120.0.0.0,1536x864,1473x708,,,,Demographics Questionnaire,4,,control,,,,set 2,Controls,ACCEPT,,Controls,No,Gender-quantised,2
5,1705956614055,22/01/2024 20:50:14,1705956621877,0,22/01/2024 20:50:21,155541,10,questionnaire-4eaj,,34392019,BLIND,10164423,,complete,,,computer,Desktop or Laptop,Windows 10,Edge 120.0.0.0,1536x864,1473x708,,,,Demographics Questionnaire,4,,control,,,,set 2,Controls,ACCEPT,,Controls,No,Gender-text,
6,1705956614055,22/01/2024 20:50:14,1705956621877,0,22/01/2024 20:50:21,155541,10,questionnaire-4eaj,,34392019,BLIND,10164423,,complete,,,computer,Desktop or Laptop,Windows 10,Edge 120.0.0.0,1536x864,1473x708,,,,Demographics Questionnaire,4,,control,,,,set 2,Controls,ACCEPT,,Controls,No,footedness,Left
7,1705956614055,22/01/2024 20:50:14,1705956621877,0,22/01/2024 20:50:21,155541,10,questionnaire-4eaj,,34392019,BLIND,10164423,,complete,,,computer,Desktop or Laptop,Windows 10,Edge 120.0.0.0,1536x864,1473x708,,,,Demographics Questionnaire,4,,control,,,,set 2,Controls,ACCEPT,,Controls,No,footedness-quantised,1
8,1705956614055,22/01/2024 20:50:14,1705956621877,0,22/01/2024 20:50:21,155541,10,questionnaire-4eaj,,34392019,BLIND,10164423,,complete,,,computer,Desktop or Laptop,Windows 10,Edge 120.0.0.0,1536x864,1473x708,,,,Demographics Questionnaire,4,,control,,,,set 2,Controls,ACCEPT,,Controls,No,categorical_hand,Right
9,1705956614055,22/01/2024 20:50:14,1705956621877,0,22/01/2024 20:50:21,155541,10,questionnaire-4eaj,,34392019,BLIND,10164423,,complete,,,computer,Desktop or Laptop,Windows 10,Edge 120.0.0.0,1536x864,1473x708,,,,Demographics Questionnaire,4,,control,,,,set 2,Controls,ACCEPT,,Controls,No,categorical_hand-quantised,2
10,1705956614055,22/01/2024 20:50:14,1705956621877,0,22/01/2024 20:50:21,155541,10,questionnaire-4eaj,,34392019,BLIND,10164423,,complete,,,computer,Desktop or Laptop,Windows 10,Edge 120.0.0.0,1536x864,1473x708,,,,Demographics Questionnaire,4,,control,,,,set 2,Controls,ACCEPT,,Controls,No,age_education,Yes
11,1705956614055,22/01/2024 20:50:14,1705956621878,0,22/01/2024 20:50:21,155541,10,questionnaire-4eaj,,34392019,BLIND,10164423,,complete,,,computer,Desktop or Laptop,Windows 10,Edge 120.0.0.0,1536x864,1473x708,,,,Demographics Questionnaire,4,,control,,,,set 2,Controls,ACCEPT,,Controls,No,age_education-quantised,1
12,1705956614055,22/01/2024 20:50:14,1705956621878,0,22/01/2024 20:50:21,155541,10,questionnaire-4eaj,,34392019,BLIND,10164423,,complete,,,computer,Desktop or Laptop,Windows 10,Edge 120.0.0.0,1536x864,1473x708,,,,Demographics Questionnaire,4,,control,,,,set 2,Controls,ACCEPT,,Controls,No,age_education-text,
13,1705956614055,22/01/2024 20:50:14,1705956621878,0,22/01/2024 20:50:21,155541,10,questionnaire-4eaj,,34392019,BLIND,10164423,,complete,,,computer,Desktop or Laptop,Windows 10,Edge 120.0.0.0,1536x864,1473x708,,,,Demographics Questionnaire,4,,control,,,,set 2,Controls,ACCEPT,,Controls,No,bilingual,No
14,1705956614055,22/01/2024 20:50:14,1705956621878,0,22/01/2024 20:50:21,155541,10,questionnaire-4eaj,,34392019,BLIND,10164423,,complete,,,computer,Desktop or Laptop,Windows 10,Edge 120.0.0.0,1536x864,1473x708,,,,Demographics Questionnaire,4,,control,,,,set 2,Controls,ACCEPT,,Controls,No,bilingual-quantised,1
15,1705956614055,22/01/2024 20:50:14,1705956621878,0,22/01/2024 20:50:21,155541,10,questionnaire-4eaj,,34392019,BLIND,10164423,,complete,,,computer,Desktop or Laptop,Windows 10,Edge 120.0.0.0,1536x864,1473x708,,,,Demographics Questionnaire,4,,control,,,,set 2,Controls,ACCEPT,,Controls,No,bilingual-text,
16,1705956614055,22/01/2024 20:50:14,1705956621878,0,22/01/2024 20:50:21,155541,10,questionnaire-4eaj,,34392019,BLIND,10164423,,complete,,,computer,Desktop or Laptop,Windows 10,Edge 120.0.0.0,1536x864,1473x708,,,,Demographics Questionnaire,4,,control,,,,set 2,Controls,ACCEPT,,Controls,No,END QUESTIONNAIRE,24280
1,1705951074327,22/01/2024 19:17:54,1705951075206,0,22/01/2024 19:17:55,155541,10,questionnaire-4eaj,,34389894,BLIND,10163615,,complete,,,computer,Desktop or Laptop,Windows 10,Chrome 120.0.0.0,1536x864,1536x730,,,,Demographics Questionnaire,4,,asd,,set 1,,,Neurodiverse,,ACCEPT,Neurodiverse,No,BEGIN QUESTIONNAIRE,
2,1705951107629,22/01/2024 19:18:27,1705951096415,0,22/01/2024 19:18:16,155541,10,questionnaire-4eaj,,34389894,BLIND,10163615,,complete,,,computer,Desktop or Laptop,Windows 10,Chrome 120.0.0.0,1536x864,1519x730,,,,Demographics Questionnaire,4,,asd,,set 1,,,Neurodiverse,,ACCEPT,Neurodiverse,No,Age,19
3,1705951109091,22/01/2024 19:18:29,1705951096416,0,22/01/2024 19:18:16,155541,10,questionnaire-4eaj,,34389894,BLIND,10163615,,complete,,,computer,Desktop or Laptop,Windows 10,Chrome 120.0.0.0,1536x864,1519x730,,,,Demographics Questionnaire,4,,asd,,set 1,,,Neurodiverse,,ACCEPT,Neurodiverse,No,Gender,Prefer not to say
4,1705951109091,22/01/2024 19:18:29,1705951096416,0,22/01/2024 19:18:16,155541,10,questionnaire-4eaj,,34389894,BLIND,10163615,,complete,,,computer,Desktop or Laptop,Windows 10,Chrome 120.0.0.0,1536x864,1519x730,,,,Demographics Questionnaire,4,,asd,,set 1,,,Neurodiverse,,ACCEPT,Neurodiverse,No,Gender-quantised,3
5,1705951109091,22/01/2024 19:18:29,1705951096416,0,22/01/2024 19:18:16,155541,10,questionnaire-4eaj,,34389894,BLIND,10163615,,complete,,,computer,Desktop or Laptop,Windows 10,Chrome 120.0.0.0,1536x864,1519x730,,,,Demographics Questionnaire,4,,asd,,set 1,,,Neurodiverse,,ACCEPT,Neurodiverse,No,Gender-text,
6,1705951109091,22/01/2024 19:18:29,1705951096416,0,22/01/2024 19:18:16,155541,10,questionnaire-4eaj,,34389894,BLIND,10163615,,complete,,,computer,Desktop or Laptop,Windows 10,Chrome 120.0.0.0,1536x864,1519x730,,,,Demographics Questionnaire,4,,asd,,set 1,,,Neurodiverse,,ACCEPT,Neurodiverse,No,footedness,Right
7,1705951109091,22/01/2024 19:18:29,1705951096416,0,22/01/2024 19:18:16,155541,10,questionnaire-4eaj,,34389894,BLIND,10163615,,complete,,,computer,Desktop or Laptop,Windows 10,Chrome 120.0.0.0,1536x864,1519x730,,,,Demographics Questionnaire,4,,asd,,set 1,,,Neurodiverse,,ACCEPT,Neurodiverse,No,footedness-quantised,2
8,1705951109091,22/01/2024 19:18:29,1705951096416,0,22/01/2024 19:18:16,155541,10,questionnaire-4eaj,,34389894,BLIND,10163615,,complete,,,computer,Desktop or Laptop,Windows 10,Chrome 120.0.0.0,1536x864,1519x730,,,,Demographics Questionnaire,4,,asd,,set 1,,,Neurodiverse,,ACCEPT,Neurodiverse,No,categorical_hand,Left
9,1705951109091,22/01/2024 19:18:29,1705951096417,0,22/01/2024 19:18:16,155541,10,questionnaire-4eaj,,34389894,BLIND,10163615,,complete,,,computer,Desktop or Laptop,Windows 10,Chrome 120.0.0.0,1536x864,1519x730,,,,Demographics Questionnaire,4,,asd,,set 1,,,Neurodiverse,,ACCEPT,Neurodiverse,No,categorical_hand-quantised,1
10,1705951109091,22/01/2024 19:18:29,1705951096417,0,22/01/2024 19:18:16,155541,10,questionnaire-4eaj,,34389894,BLIND,10163615,,complete,,,computer,Desktop or Laptop,Windows 10,Chrome 120.0.0.0,1536x864,1519x730,,,,Demographics Questionnaire,4,,asd,,set 1,,,Neurodiverse,,ACCEPT,Neurodiverse,No,age_education,Yes
11,1705951109091,22/01/2024 19:18:29,1705951096417,0,22/01/2024 19:18:16,155541,10,questionnaire-4eaj,,34389894,BLIND,10163615,,complete,,,computer,Desktop or Laptop,Windows 10,Chrome 120.0.0.0,1536x864,1519x730,,,,Demographics Questionnaire,4,,asd,,set 1,,,Neurodiverse,,ACCEPT,Neurodiverse,No,age_education-quantised,1
12,1705951109091,22/01/2024 19:18:29,1705951096417,0,22/01/2024 19:18:16,155541,10,questionnaire-4eaj,,34389894,BLIND,10163615,,complete,,,computer,Desktop or Laptop,Windows 10,Chrome 120.0.0.0,1536x864,1519x730,,,,Demographics Questionnaire,4,,asd,,set 1,,,Neurodiverse,,ACCEPT,Neurodiverse,No,age_education-text,
13,1705951109091,22/01/2024 19:18:29,1705951096417,0,22/01/2024 19:18:16,155541,10,questionnaire-4eaj,,34389894,BLIND,10163615,,complete,,,computer,Desktop or Laptop,Windows 10,Chrome 120.0.0.0,1536x864,1519x730,,,,Demographics Questionnaire,4,,asd,,set 1,,,Neurodiverse,,ACCEPT,Neurodiverse,No,bilingual,No
14,1705951109091,22/01/2024 19:18:29,1705951096417,0,22/01/2024 19:18:16,155541,10,questionnaire-4eaj,,34389894,BLIND,10163615,,complete,,,computer,Desktop or Laptop,Windows 10,Chrome 120.0.0.0,1536x864,1519x730,,,,Demographics Questionnaire,4,,asd,,set 1,,,Neurodiverse,,ACCEPT,Neurodiverse,No,bilingual-quantised,1
15,1705951109091,22/01/2024 19:18:29,1705951096417,0,22/01/2024 19:18:16,155541,10,questionnaire-4eaj,,34389894,BLIND,10163615,,complete,,,computer,Desktop or Laptop,Windows 10,Chrome 120.0.0.0,1536x864,1519x730,,,,Demographics Questionnaire,4,,asd,,set 1,,,Neurodiverse,,ACCEPT,Neurodiverse,No,bilingual-text,
16,1705951109091,22/01/2024 19:18:29,1705951096417,0,22/01/2024 19:18:16,155541,10,questionnaire-4eaj,,34389894,BLIND,10163615,,complete,,,computer,Desktop or Laptop,Windows 10,Chrome 120.0.0.0,1536x864,1519x730,,,,Demographics Questionnaire,4,,asd,,set 1,,,Neurodiverse,,ACCEPT,Neurodiverse,No,END QUESTIONNAIRE,21211
1,1705924660651,22/01/2024 11:57:40,1705924660639,0,22/01/2024 11:57:40,155541,10,questionnaire-4eaj,,34375808,BLIND,10158586,,complete,,,computer,Desktop or Laptop,Windows 10,Chrome 120.0.0.0,1536x864,1536x776,,,,Demographics Questionnaire,4,set 2,dyslexia,,,,,Neurodiverse,,ACCEPT,Neurodiverse,No,BEGIN QUESTIONNAIRE,
2,1705924709593,22/01/2024 11:58:29,1705924709623,0,22/01/2024 11:58:29,155541,10,questionnaire-4eaj,,34375808,BLIND,10158586,,complete,,,computer,Desktop or Laptop,Windows 10,Chrome 120.0.0.0,1536x864,1519x776,,,,Demographics Questionnaire,4,set 2,dyslexia,,,,,Neurodiverse,,ACCEPT,Neurodiverse,No,Age,19
3,1705924709967,22/01/2024 11:58:29,1705924709624,0,22/01/2024 11:58:29,155541,10,questionnaire-4eaj,,34375808,BLIND,10158586,,complete,,,computer,Desktop or Laptop,Windows 10,Chrome 120.0.0.0,1536x864,1519x776,,,,Demographics Questionnaire,4,set 2,dyslexia,,,,,Neurodiverse,,ACCEPT,Neurodiverse,No,Gender,Woman
4,1705924709967,22/01/2024 11:58:29,1705924709624,0,22/01/2024 11:58:29,155541,10,questionnaire-4eaj,,34375808,BLIND,10158586,,complete,,,computer,Desktop or Laptop,Windows 10,Chrome 120.0.0.0,1536x864,1519x776,,,,Demographics Questionnaire,4,set 2,dyslexia,,,,,Neurodiverse,,ACCEPT,Neurodiverse,No,Gender-quantised,2
5,1705924709967,22/01/2024 11:58:29,1705924709624,0,22/01/2024 11:58:29,155541,10,questionnaire-4eaj,,34375808,BLIND,10158586,,complete,,,computer,Desktop or Laptop,Windows 10,Chrome 120.0.0.0,1536x864,1519x776,,,,Demographics Questionnaire,4,set 2,dyslexia,,,,,Neurodiverse,,ACCEPT,Neurodiverse,No,Gender-text,
6,1705924709967,22/01/2024 11:58:29,1705924709624,0,22/01/2024 11:58:29,155541,10,questionnaire-4eaj,,34375808,BLIND,10158586,,complete,,,computer,Desktop or Laptop,Windows 10,Chrome 120.0.0.0,1536x864,1519x776,,,,Demographics Questionnaire,4,set 2,dyslexia,,,,,Neurodiverse,,ACCEPT,Neurodiverse,No,footedness,Right
7,1705924709967,22/01/2024 11:58:29,1705924709624,0,22/01/2024 11:58:29,155541,10,questionnaire-4eaj,,34375808,BLIND,10158586,,complete,,,computer,Desktop or Laptop,Windows 10,Chrome 120.0.0.0,1536x864,1519x776,,,,Demographics Questionnaire,4,set 2,dyslexia,,,,,Neurodiverse,,ACCEPT,Neurodiverse,No,footedness-quantised,2
8,1705924709967,22/01/2024 11:58:29,1705924709624,0,22/01/2024 11:58:29,155541,10,questionnaire-4eaj,,34375808,BLIND,10158586,,complete,,,computer,Desktop or Laptop,Windows 10,Chrome 120.0.0.0,1536x864,1519x776,,,,Demographics Questionnaire,4,set 2,dyslexia,,,,,Neurodiverse,,ACCEPT,Neurodiverse,No,categorical_hand,Right
9,1705924709967,22/01/2024 11:58:29,1705924709624,0,22/01/2024 11:58:29,155541,10,questionnaire-4eaj,,34375808,BLIND,10158586,,complete,,,computer,Desktop or Laptop,Windows 10,Chrome 120.0.0.0,1536x864,1519x776,,,,Demographics Questionnaire,4,set 2,dyslexia,,,,,Neurodiverse,,ACCEPT,Neurodiverse,No,categorical_hand-quantised,2
10,1705924709967,22/01/2024 11:58:29,1705924709624,0,22/01/2024 11:58:29,155541,10,questionnaire-4eaj,,34375808,BLIND,10158586,,complete,,,computer,Desktop or Laptop,Windows 10,Chrome 120.0.0.0,1536x864,1519x776,,,,Demographics Questionnaire,4,set 2,dyslexia,,,,,Neurodiverse,,ACCEPT,Neurodiverse,No,age_education,Yes
11,1705924709967,22/01/2024 11:58:29,1705924709624,0,22/01/2024 11:58:29,155541,10,questionnaire-4eaj,,34375808,BLIND,10158586,,complete,,,computer,Desktop or Laptop,Windows 10,Chrome 120.0.0.0,1536x864,1519x776,,,,Demographics Questionnaire,4,set 2,dyslexia,,,,,Neurodiverse,,ACCEPT,Neurodiverse,No,age_education-quantised,1
12,1705924709967,22/01/2024 11:58:29,1705924709625,0,22/01/2024 11:58:29,155541,10,questionnaire-4eaj,,34375808,BLIND,10158586,,complete,,,computer,Desktop or Laptop,Windows 10,Chrome 120.0.0.0,1536x864,1519x776,,,,Demographics Questionnaire,4,set 2,dyslexia,,,,,Neurodiverse,,ACCEPT,Neurodiverse,No,age_education-text,
13,1705924709967,22/01/2024 11:58:29,1705924709625,0,22/01/2024 11:58:29,155541,10,questionnaire-4eaj,,34375808,BLIND,10158586,,complete,,,computer,Desktop or Laptop,Windows 10,Chrome 120.0.0.0,1536x864,1519x776,,,,Demographics Questionnaire,4,set 2,dyslexia,,,,,Neurodiverse,,ACCEPT,Neurodiverse,No,bilingual,No
14,1705924709967,22/01/2024 11:58:29,1705924709625,0,22/01/2024 11:58:29,155541,10,questionnaire-4eaj,,34375808,BLIND,10158586,,complete,,,computer,Desktop or Laptop,Windows 10,Chrome 120.0.0.0,1536x864,1519x776,,,,Demographics Questionnaire,4,set 2,dyslexia,,,,,Neurodiverse,,ACCEPT,Neurodiverse,No,bilingual-quantised,1
15,1705924709967,22/01/2024 11:58:29,1705924709625,0,22/01/2024 11:58:29,155541,10,questionnaire-4eaj,,34375808,BLIND,10158586,,complete,,,computer,Desktop or Laptop,Windows 10,Chrome 120.0.0.0,1536x864,1519x776,,,,Demographics Questionnaire,4,set 2,dyslexia,,,,,Neurodiverse,,ACCEPT,Neurodiverse,No,bilingual-text,
16,1705924709967,22/01/2024 11:58:29,1705924709625,0,22/01/2024 11:58:29,155541,10,questionnaire-4eaj,,34375808,BLIND,10158586,,complete,,,computer,Desktop or Laptop,Windows 10,Chrome 120.0.0.0,1536x864,1519x776,,,,Demographics Questionnaire,4,set 2,dyslexia,,,,,Neurodiverse,,ACCEPT,Neurodiverse,No,END QUESTIONNAIRE,48986
1,1705846157020,21/01/2024 14:09:17,1705846156941,0,21/01/2024 14:09:16,155541,10,questionnaire-4eaj,,34357274,BLIND,10152762,,complete,,,computer,Desktop or Laptop,Windows 10,Edge 120.0.0.0,1536x864,1488x742,,,,Demographics Questionnaire,4,,control,,,,set 1,Controls,ACCEPT,,Controls,No,BEGIN QUESTIONNAIRE,
2,1705846196362,21/01/2024 14:09:56,1705846196055,0,21/01/2024 14:09:56,155541,10,questionnaire-4eaj,,34357274,BLIND,10152762,,complete,,,computer,Desktop or Laptop,Windows 10,Edge 120.0.0.0,1536x864,1473x742,,,,Demographics Questionnaire,4,,control,,,,set 1,Controls,ACCEPT,,Controls,No,Age,18
3,1705846196460,21/01/2024 14:09:56,1705846196057,0,21/01/2024 14:09:56,155541,10,questionnaire-4eaj,,34357274,BLIND,10152762,,complete,,,computer,Desktop or Laptop,Windows 10,Edge 120.0.0.0,1536x864,1473x742,,,,Demographics Questionnaire,4,,control,,,,set 1,Controls,ACCEPT,,Controls,No,Gender,Woman
4,1705846196460,21/01/2024 14:09:56,1705846196057,0,21/01/2024 14:09:56,155541,10,questionnaire-4eaj,,34357274,BLIND,10152762,,complete,,,computer,Desktop or Laptop,Windows 10,Edge 120.0.0.0,1536x864,1473x742,,,,Demographics Questionnaire,4,,control,,,,set 1,Controls,ACCEPT,,Controls,No,Gender-quantised,2
5,1705846196460,21/01/2024 14:09:56,1705846196057,0,21/01/2024 14:09:56,155541,10,questionnaire-4eaj,,34357274,BLIND,10152762,,complete,,,computer,Desktop or Laptop,Windows 10,Edge 120.0.0.0,1536x864,1473x742,,,,Demographics Questionnaire,4,,control,,,,set 1,Controls,ACCEPT,,Controls,No,Gender-text,
6,1705846196460,21/01/2024 14:09:56,1705846196057,0,21/01/2024 14:09:56,155541,10,questionnaire-4eaj,,34357274,BLIND,10152762,,complete,,,computer,Desktop or Laptop,Windows 10,Edge 120.0.0.0,1536x864,1473x742,,,,Demographics Questionnaire,4,,control,,,,set 1,Controls,ACCEPT,,Controls,No,footedness,Right
7,1705846196460,21/01/2024 14:09:56,1705846196057,0,21/01/2024 14:09:56,155541,10,questionnaire-4eaj,,34357274,BLIND,10152762,,complete,,,computer,Desktop or Laptop,Windows 10,Edge 120.0.0.0,1536x864,1473x742,,,,Demographics Questionnaire,4,,control,,,,set 1,Controls,ACCEPT,,Controls,No,footedness-quantised,2
8,1705846196460,21/01/2024 14:09:56,1705846196057,0,21/01/2024 14:09:56,155541,10,questionnaire-4eaj,,34357274,BLIND,10152762,,complete,,,computer,Desktop or Laptop,Windows 10,Edge 120.0.0.0,1536x864,1473x742,,,,Demographics Questionnaire,4,,control,,,,set 1,Controls,ACCEPT,,Controls,No,categorical_hand,Left
9,1705846196460,21/01/2024 14:09:56,1705846196057,0,21/01/2024 14:09:56,155541,10,questionnaire-4eaj,,34357274,BLIND,10152762,,complete,,,computer,Desktop or Laptop,Windows 10,Edge 120.0.0.0,1536x864,1473x742,,,,Demographics Questionnaire,4,,control,,,,set 1,Controls,ACCEPT,,Controls,No,categorical_hand-quantised,1
10,1705846196460,21/01/2024 14:09:56,1705846196058,0,21/01/2024 14:09:56,155541,10,questionnaire-4eaj,,34357274,BLIND,10152762,,complete,,,computer,Desktop or Laptop,Windows 10,Edge 120.0.0.0,1536x864,1473x742,,,,Demographics Questionnaire,4,,control,,,,set 1,Controls,ACCEPT,,Controls,No,age_education,Yes
11,1705846196460,21/01/2024 14:09:56,1705846196058,0,21/01/2024 14:09:56,155541,10,questionnaire-4eaj,,34357274,BLIND,10152762,,complete,,,computer,Desktop or Laptop,Windows 10,Edge 120.0.0.0,1536x864,1473x742,,,,Demographics Questionnaire,4,,control,,,,set 1,Controls,ACCEPT,,Controls,No,age_education-quantised,1
12,1705846196460,21/01/2024 14:09:56,1705846196058,0,21/01/2024 14:09:56,155541,10,questionnaire-4eaj,,34357274,BLIND,10152762,,complete,,,computer,Desktop or Laptop,Windows 10,Edge 120.0.0.0,1536x864,1473x742,,,,Demographics Questionnaire,4,,control,,,,set 1,Controls,ACCEPT,,Controls,No,age_education-text,
13,1705846196460,21/01/2024 14:09:56,1705846196058,0,21/01/2024 14:09:56,155541,10,questionnaire-4eaj,,34357274,BLIND,10152762,,complete,,,computer,Desktop or Laptop,Windows 10,Edge 120.0.0.0,1536x864,1473x742,,,,Demographics Questionnaire,4,,control,,,,set 1,Controls,ACCEPT,,Controls,No,bilingual,No
14,1705846196460,21/01/2024 14:09:56,1705846196058,0,21/01/2024 14:09:56,155541,10,questionnaire-4eaj,,34357274,BLIND,10152762,,complete,,,computer,Desktop or Laptop,Windows 10,Edge 120.0.0.0,1536x864,1473x742,,,,Demographics Questionnaire,4,,control,,,,set 1,Controls,ACCEPT,,Controls,No,bilingual-quantised,1
15,1705846196460,21/01/2024 14:09:56,1705846196058,0,21/01/2024 14:09:56,155541,10,questionnaire-4eaj,,34357274,BLIND,10152762,,complete,,,computer,Desktop or Laptop,Windows 10,Edge 120.0.0.0,1536x864,1473x742,,,,Demographics Questionnaire,4,,control,,,,set 1,Controls,ACCEPT,,Controls,No,bilingual-text,
16,1705846196460,21/01/2024 14:09:56,1705846196059,0,21/01/2024 14:09:56,155541,10,questionnaire-4eaj,,34357274,BLIND,10152762,,complete,,,computer,Desktop or Laptop,Windows 10,Edge 120.0.0.0,1536x864,1473x742,,,,Demographics Questionnaire,4,,control,,,,set 1,Controls,ACCEPT,,Controls,No,END QUESTIONNAIRE,39118
1,1705831950055,21/01/2024 10:12:30,1705831949925,0,21/01/2024 10:12:29,155541,10,questionnaire-4eaj,,34355031,BLIND,10152098,,complete,,,computer,Desktop or Laptop,Mac OS 10.15.7,Safari 17.1,1440x900,1440x820,,,,Demographics Questionnaire,4,,control,,,,set 2,Controls,ACCEPT,,Controls,No,BEGIN QUESTIONNAIRE,
2,1705831972402,21/01/2024 10:12:52,1705831972313,0,21/01/2024 10:12:52,155541,10,questionnaire-4eaj,,34355031,BLIND,10152098,,complete,,,computer,Desktop or Laptop,Mac OS 10.15.7,Safari 17.1,1440x900,1440x820,,,,Demographics Questionnaire,4,,control,,,,set 2,Controls,ACCEPT,,Controls,No,Age,21
3,1705831972471,21/01/2024 10:12:52,1705831972316,0,21/01/2024 10:12:52,155541,10,questionnaire-4eaj,,34355031,BLIND,10152098,,complete,,,computer,Desktop or Laptop,Mac OS 10.15.7,Safari 17.1,1440x900,1440x820,,,,Demographics Questionnaire,4,,control,,,,set 2,Controls,ACCEPT,,Controls,No,Gender,Woman
4,1705831972471,21/01/2024 10:12:52,1705831972316,0,21/01/2024 10:12:52,155541,10,questionnaire-4eaj,,34355031,BLIND,10152098,,complete,,,computer,Desktop or Laptop,Mac OS 10.15.7,Safari 17.1,1440x900,1440x820,,,,Demographics Questionnaire,4,,control,,,,set 2,Controls,ACCEPT,,Controls,No,Gender-quantised,2
5,1705831972471,21/01/2024 10:12:52,1705831972316,0,21/01/2024 10:12:52,155541,10,questionnaire-4eaj,,34355031,BLIND,10152098,,complete,,,computer,Desktop or Laptop,Mac OS 10.15.7,Safari 17.1,1440x900,1440x820,,,,Demographics Questionnaire,4,,control,,,,set 2,Controls,ACCEPT,,Controls,No,Gender-text,
6,1705831972471,21/01/2024 10:12:52,1705831972316,0,21/01/2024 10:12:52,155541,10,questionnaire-4eaj,,34355031,BLIND,10152098,,complete,,,computer,Desktop or Laptop,Mac OS 10.15.7,Safari 17.1,1440x900,1440x820,,,,Demographics Questionnaire,4,,control,,,,set 2,Controls,ACCEPT,,Controls,No,footedness,Right
7,1705831972471,21/01/2024 10:12:52,1705831972316,0,21/01/2024 10:12:52,155541,10,questionnaire-4eaj,,34355031,BLIND,10152098,,complete,,,computer,Desktop or Laptop,Mac OS 10.15.7,Safari 17.1,1440x900,1440x820,,,,Demographics Questionnaire,4,,control,,,,set 2,Controls,ACCEPT,,Controls,No,footedness-quantised,2
8,1705831972471,21/01/2024 10:12:52,1705831972317,0,21/01/2024 10:12:52,155541,10,questionnaire-4eaj,,34355031,BLIND,10152098,,complete,,,computer,Desktop or Laptop,Mac OS 10.15.7,Safari 17.1,1440x900,1440x820,,,,Demographics Questionnaire,4,,control,,,,set 2,Controls,ACCEPT,,Controls,No,categorical_hand,Right
9,1705831972471,21/01/2024 10:12:52,1705831972317,0,21/01/2024 10:12:52,155541,10,questionnaire-4eaj,,34355031,BLIND,10152098,,complete,,,computer,Desktop or Laptop,Mac OS 10.15.7,Safari 17.1,1440x900,1440x820,,,,Demographics Questionnaire,4,,control,,,,set 2,Controls,ACCEPT,,Controls,No,categorical_hand-quantised,2
10,1705831972471,21/01/2024 10:12:52,1705831972317,0,21/01/2024 10:12:52,155541,10,questionnaire-4eaj,,34355031,BLIND,10152098,,complete,,,computer,Desktop or Laptop,Mac OS 10.15.7,Safari 17.1,1440x900,1440x820,,,,Demographics Questionnaire,4,,control,,,,set 2,Controls,ACCEPT,,Controls,No,age_education,Yes
11,1705831972471,21/01/2024 10:12:52,1705831972317,0,21/01/2024 10:12:52,155541,10,questionnaire-4eaj,,34355031,BLIND,10152098,,complete,,,computer,Desktop or Laptop,Mac OS 10.15.7,Safari 17.1,1440x900,1440x820,,,,Demographics Questionnaire,4,,control,,,,set 2,Controls,ACCEPT,,Controls,No,age_education-quantised,1
12,1705831972471,21/01/2024 10:12:52,1705831972317,0,21/01/2024 10:12:52,155541,10,questionnaire-4eaj,,34355031,BLIND,10152098,,complete,,,computer,Desktop or Laptop,Mac OS 10.15.7,Safari 17.1,1440x900,1440x820,,,,Demographics Questionnaire,4,,control,,,,set 2,Controls,ACCEPT,,Controls,No,age_education-text,
13,1705831972471,21/01/2024 10:12:52,1705831972317,0,21/01/2024 10:12:52,155541,10,questionnaire-4eaj,,34355031,BLIND,10152098,,complete,,,computer,Desktop or Laptop,Mac OS 10.15.7,Safari 17.1,1440x900,1440x820,,,,Demographics Questionnaire,4,,control,,,,set 2,Controls,ACCEPT,,Controls,No,bilingual,Yes. My strongest language is:
14,1705831972471,21/01/2024 10:12:52,1705831972317,0,21/01/2024 10:12:52,155541,10,questionnaire-4eaj,,34355031,BLIND,10152098,,complete,,,computer,Desktop or Laptop,Mac OS 10.15.7,Safari 17.1,1440x900,1440x820,,,,Demographics Questionnaire,4,,control,,,,set 2,Controls,ACCEPT,,Controls,No,bilingual-text,Malay
15,1705831972471,21/01/2024 10:12:52,1705831972317,0,21/01/2024 10:12:52,155541,10,questionnaire-4eaj,,34355031,BLIND,10152098,,complete,,,computer,Desktop or Laptop,Mac OS 10.15.7,Safari 17.1,1440x900,1440x820,,,,Demographics Questionnaire,4,,control,,,,set 2,Controls,ACCEPT,,Controls,No,END QUESTIONNAIRE,22392
1,1705675561225,19/01/2024 14:46:01,1705675561138,0,19/01/2024 14:46:01,155541,10,questionnaire-4eaj,,34332598,BLIND,10145219,,complete,,,computer,Desktop or Laptop,Mac OS 10.15.7,Safari 17.2,820x1180,1180x713,,,,Demographics Questionnaire,4,set 1,dyslexia,,,,,Neurodiverse,,ACCEPT,Neurodiverse,No,BEGIN QUESTIONNAIRE,
2,1705675606989,19/01/2024 14:46:46,1705675606962,0,19/01/2024 14:46:46,155541,10,questionnaire-4eaj,,34332598,BLIND,10145219,,complete,,,computer,Desktop or Laptop,Mac OS 10.15.7,Safari 17.2,820x1180,1180x713,,,,Demographics Questionnaire,4,set 1,dyslexia,,,,,Neurodiverse,,ACCEPT,Neurodiverse,No,Age,19 
3,1705675607035,19/01/2024 14:46:47,1705675606965,0,19/01/2024 14:46:46,155541,10,questionnaire-4eaj,,34332598,BLIND,10145219,,complete,,,computer,Desktop or Laptop,Mac OS 10.15.7,Safari 17.2,820x1180,1180x713,,,,Demographics Questionnaire,4,set 1,dyslexia,,,,,Neurodiverse,,ACCEPT,Neurodiverse,No,Gender,Woman
4,1705675607035,19/01/2024 14:46:47,1705675606965,0,19/01/2024 14:46:46,155541,10,questionnaire-4eaj,,34332598,BLIND,10145219,,complete,,,computer,Desktop or Laptop,Mac OS 10.15.7,Safari 17.2,820x1180,1180x713,,,,Demographics Questionnaire,4,set 1,dyslexia,,,,,Neurodiverse,,ACCEPT,Neurodiverse,No,Gender-quantised,2
5,1705675607035,19/01/2024 14:46:47,1705675606965,0,19/01/2024 14:46:46,155541,10,questionnaire-4eaj,,34332598,BLIND,10145219,,complete,,,computer,Desktop or Laptop,Mac OS 10.15.7,Safari 17.2,820x1180,1180x713,,,,Demographics Questionnaire,4,set 1,dyslexia,,,,,Neurodiverse,,ACCEPT,Neurodiverse,No,Gender-text,
6,1705675607035,19/01/2024 14:46:47,1705675606965,0,19/01/2024 14:46:46,155541,10,questionnaire-4eaj,,34332598,BLIND,10145219,,complete,,,computer,Desktop or Laptop,Mac OS 10.15.7,Safari 17.2,820x1180,1180x713,,,,Demographics Questionnaire,4,set 1,dyslexia,,,,,Neurodiverse,,ACCEPT,Neurodiverse,No,footedness,Right
7,1705675607035,19/01/2024 14:46:47,1705675606965,0,19/01/2024 14:46:46,155541,10,questionnaire-4eaj,,34332598,BLIND,10145219,,complete,,,computer,Desktop or Laptop,Mac OS 10.15.7,Safari 17.2,820x1180,1180x713,,,,Demographics Questionnaire,4,set 1,dyslexia,,,,,Neurodiverse,,ACCEPT,Neurodiverse,No,footedness-quantised,2
8,1705675607035,19/01/2024 14:46:47,1705675606965,0,19/01/2024 14:46:46,155541,10,questionnaire-4eaj,,34332598,BLIND,10145219,,complete,,,computer,Desktop or Laptop,Mac OS 10.15.7,Safari 17.2,820x1180,1180x713,,,,Demographics Questionnaire,4,set 1,dyslexia,,,,,Neurodiverse,,ACCEPT,Neurodiverse,No,categorical_hand,Right
9,1705675607035,19/01/2024 14:46:47,1705675606965,0,19/01/2024 14:46:46,155541,10,questionnaire-4eaj,,34332598,BLIND,10145219,,complete,,,computer,Desktop or Laptop,Mac OS 10.15.7,Safari 17.2,820x1180,1180x713,,,,Demographics Questionnaire,4,set 1,dyslexia,,,,,Neurodiverse,,ACCEPT,Neurodiverse,No,categorical_hand-quantised,2
10,1705675607035,19/01/2024 14:46:47,1705675606966,0,19/01/2024 14:46:46,155541,10,questionnaire-4eaj,,34332598,BLIND,10145219,,complete,,,computer,Desktop or Laptop,Mac OS 10.15.7,Safari 17.2,820x1180,1180x713,,,,Demographics Questionnaire,4,set 1,dyslexia,,,,,Neurodiverse,,ACCEPT,Neurodiverse,No,age_education,Yes
11,1705675607035,19/01/2024 14:46:47,1705675606966,0,19/01/2024 14:46:46,155541,10,questionnaire-4eaj,,34332598,BLIND,10145219,,complete,,,computer,Desktop or Laptop,Mac OS 10.15.7,Safari 17.2,820x1180,1180x713,,,,Demographics Questionnaire,4,set 1,dyslexia,,,,,Neurodiverse,,ACCEPT,Neurodiverse,No,age_education-quantised,1
12,1705675607035,19/01/2024 14:46:47,1705675606966,0,19/01/2024 14:46:46,155541,10,questionnaire-4eaj,,34332598,BLIND,10145219,,complete,,,computer,Desktop or Laptop,Mac OS 10.15.7,Safari 17.2,820x1180,1180x713,,,,Demographics Questionnaire,4,set 1,dyslexia,,,,,Neurodiverse,,ACCEPT,Neurodiverse,No,age_education-text,
13,1705675607035,19/01/2024 14:46:47,1705675606966,0,19/01/2024 14:46:46,155541,10,questionnaire-4eaj,,34332598,BLIND,10145219,,complete,,,computer,Desktop or Laptop,Mac OS 10.15.7,Safari 17.2,820x1180,1180x713,,,,Demographics Questionnaire,4,set 1,dyslexia,,,,,Neurodiverse,,ACCEPT,Neurodiverse,No,bilingual,No
14,1705675607035,19/01/2024 14:46:47,1705675606966,0,19/01/2024 14:46:46,155541,10,questionnaire-4eaj,,34332598,BLIND,10145219,,complete,,,computer,Desktop or Laptop,Mac OS 10.15.7,Safari 17.2,820x1180,1180x713,,,,Demographics Questionnaire,4,set 1,dyslexia,,,,,Neurodiverse,,ACCEPT,Neurodiverse,No,bilingual-quantised,1
15,1705675607035,19/01/2024 14:46:47,1705675606966,0,19/01/2024 14:46:46,155541,10,questionnaire-4eaj,,34332598,BLIND,10145219,,complete,,,computer,Desktop or Laptop,Mac OS 10.15.7,Safari 17.2,820x1180,1180x713,,,,Demographics Questionnaire,4,set 1,dyslexia,,,,,Neurodiverse,,ACCEPT,Neurodiverse,No,bilingual-text,
16,1705675607035,19/01/2024 14:46:47,1705675606966,0,19/01/2024 14:46:46,155541,10,questionnaire-4eaj,,34332598,BLIND,10145219,,complete,,,computer,Desktop or Laptop,Mac OS 10.15.7,Safari 17.2,820x1180,1180x713,,,,Demographics Questionnaire,4,set 1,dyslexia,,,,,Neurodiverse,,ACCEPT,Neurodiverse,No,END QUESTIONNAIRE,45828
1,1705509461199,17/01/2024 16:37:41,1705509461127,0,17/01/2024 16:37:41,155541,10,questionnaire-4eaj,,34282835,BLIND,10126674,,complete,,,computer,Desktop or Laptop,Mac OS 10.15.7,Chrome 120.0.0.0,1440x900,1440x673,,,,Demographics Questionnaire,4,,control,,,,set 2,Controls,ACCEPT,,Controls,No,BEGIN QUESTIONNAIRE,
2,1705509483038,17/01/2024 16:38:03,1705509482997,0,17/01/2024 16:38:02,155541,10,questionnaire-4eaj,,34282835,BLIND,10126674,,complete,,,computer,Desktop or Laptop,Mac OS 10.15.7,Chrome 120.0.0.0,1440x900,1440x779,,,,Demographics Questionnaire,4,,control,,,,set 2,Controls,ACCEPT,,Controls,No,Age,19
3,1705509483110,17/01/2024 16:38:03,1705509483000,0,17/01/2024 16:38:03,155541,10,questionnaire-4eaj,,34282835,BLIND,10126674,,complete,,,computer,Desktop or Laptop,Mac OS 10.15.7,Chrome 120.0.0.0,1440x900,1440x779,,,,Demographics Questionnaire,4,,control,,,,set 2,Controls,ACCEPT,,Controls,No,Gender,Woman
4,1705509483110,17/01/2024 16:38:03,1705509483000,0,17/01/2024 16:38:03,155541,10,questionnaire-4eaj,,34282835,BLIND,10126674,,complete,,,computer,Desktop or Laptop,Mac OS 10.15.7,Chrome 120.0.0.0,1440x900,1440x779,,,,Demographics Questionnaire,4,,control,,,,set 2,Controls,ACCEPT,,Controls,No,Gender-quantised,2
5,1705509483110,17/01/2024 16:38:03,1705509483000,0,17/01/2024 16:38:03,155541,10,questionnaire-4eaj,,34282835,BLIND,10126674,,complete,,,computer,Desktop or Laptop,Mac OS 10.15.7,Chrome 120.0.0.0,1440x900,1440x779,,,,Demographics Questionnaire,4,,control,,,,set 2,Controls,ACCEPT,,Controls,No,Gender-text,
6,1705509483110,17/01/2024 16:38:03,1705509483000,0,17/01/2024 16:38:03,155541,10,questionnaire-4eaj,,34282835,BLIND,10126674,,complete,,,computer,Desktop or Laptop,Mac OS 10.15.7,Chrome 120.0.0.0,1440x900,1440x779,,,,Demographics Questionnaire,4,,control,,,,set 2,Controls,ACCEPT,,Controls,No,footedness,Right
7,1705509483110,17/01/2024 16:38:03,1705509483000,0,17/01/2024 16:38:03,155541,10,questionnaire-4eaj,,34282835,BLIND,10126674,,complete,,,computer,Desktop or Laptop,Mac OS 10.15.7,Chrome 120.0.0.0,1440x900,1440x779,,,,Demographics Questionnaire,4,,control,,,,set 2,Controls,ACCEPT,,Controls,No,footedness-quantised,2
8,1705509483110,17/01/2024 16:38:03,1705509483000,0,17/01/2024 16:38:03,155541,10,questionnaire-4eaj,,34282835,BLIND,10126674,,complete,,,computer,Desktop or Laptop,Mac OS 10.15.7,Chrome 120.0.0.0,1440x900,1440x779,,,,Demographics Questionnaire,4,,control,,,,set 2,Controls,ACCEPT,,Controls,No,categorical_hand,Right
9,1705509483110,17/01/2024 16:38:03,1705509483000,0,17/01/2024 16:38:03,155541,10,questionnaire-4eaj,,34282835,BLIND,10126674,,complete,,,computer,Desktop or Laptop,Mac OS 10.15.7,Chrome 120.0.0.0,1440x900,1440x779,,,,Demographics Questionnaire,4,,control,,,,set 2,Controls,ACCEPT,,Controls,No,categorical_hand-quantised,2
10,1705509483110,17/01/2024 16:38:03,1705509483000,0,17/01/2024 16:38:03,155541,10,questionnaire-4eaj,,34282835,BLIND,10126674,,complete,,,computer,Desktop or Laptop,Mac OS 10.15.7,Chrome 120.0.0.0,1440x900,1440x779,,,,Demographics Questionnaire,4,,control,,,,set 2,Controls,ACCEPT,,Controls,No,age_education,Yes
11,1705509483110,17/01/2024 16:38:03,1705509483001,0,17/01/2024 16:38:03,155541,10,questionnaire-4eaj,,34282835,BLIND,10126674,,complete,,,computer,Desktop or Laptop,Mac OS 10.15.7,Chrome 120.0.0.0,1440x900,1440x779,,,,Demographics Questionnaire,4,,control,,,,set 2,Controls,ACCEPT,,Controls,No,age_education-quantised,1
12,1705509483110,17/01/2024 16:38:03,1705509483001,0,17/01/2024 16:38:03,155541,10,questionnaire-4eaj,,34282835,BLIND,10126674,,complete,,,computer,Desktop or Laptop,Mac OS 10.15.7,Chrome 120.0.0.0,1440x900,1440x779,,,,Demographics Questionnaire,4,,control,,,,set 2,Controls,ACCEPT,,Controls,No,age_education-text,
13,1705509483110,17/01/2024 16:38:03,1705509483001,0,17/01/2024 16:38:03,155541,10,questionnaire-4eaj,,34282835,BLIND,10126674,,complete,,,computer,Desktop or Laptop,Mac OS 10.15.7,Chrome 120.0.0.0,1440x900,1440x779,,,,Demographics Questionnaire,4,,control,,,,set 2,Controls,ACCEPT,,Controls,No,bilingual,No
14,1705509483110,17/01/2024 16:38:03,1705509483001,0,17/01/2024 16:38:03,155541,10,questionnaire-4eaj,,34282835,BLIND,10126674,,complete,,,computer,Desktop or Laptop,Mac OS 10.15.7,Chrome 120.0.0.0,1440x900,1440x779,,,,Demographics Questionnaire,4,,control,,,,set 2,Controls,ACCEPT,,Controls,No,bilingual-quantised,1
15,1705509483110,17/01/2024 16:38:03,1705509483001,0,17/01/2024 16:38:03,155541,10,questionnaire-4eaj,,34282835,BLIND,10126674,,complete,,,computer,Desktop or Laptop,Mac OS 10.15.7,Chrome 120.0.0.0,1440x900,1440x779,,,,Demographics Questionnaire,4,,control,,,,set 2,Controls,ACCEPT,,Controls,No,bilingual-text,
16,1705509483110,17/01/2024 16:38:03,1705509483001,0,17/01/2024 16:38:03,155541,10,questionnaire-4eaj,,34282835,BLIND,10126674,,complete,,,computer,Desktop or Laptop,Mac OS 10.15.7,Chrome 120.0.0.0,1440x900,1440x779,,,,Demographics Questionnaire,4,,control,,,,set 2,Controls,ACCEPT,,Controls,No,END QUESTIONNAIRE,21874
1,1705505247622,17/01/2024 15:27:27,1705505249236,0,17/01/2024 15:27:29,155541,10,questionnaire-4eaj,,34281652,BLIND,10126244,,complete,,,computer,Desktop or Laptop,Windows 10,Edge 120.0.0.0,1280x720,1232x564,,,,Demographics Questionnaire,4,,multiple,,,set 1,,Neurodiverse,,ACCEPT,Neurodiverse,No,BEGIN QUESTIONNAIRE,
2,1705505263256,17/01/2024 15:27:43,1705505264902,0,17/01/2024 15:27:44,155541,10,questionnaire-4eaj,,34281652,BLIND,10126244,,complete,,,computer,Desktop or Laptop,Windows 10,Edge 120.0.0.0,1280x720,1217x564,,,,Demographics Questionnaire,4,,multiple,,,set 1,,Neurodiverse,,ACCEPT,Neurodiverse,No,Age,18
3,1705505263441,17/01/2024 15:27:43,1705505264904,0,17/01/2024 15:27:44,155541,10,questionnaire-4eaj,,34281652,BLIND,10126244,,complete,,,computer,Desktop or Laptop,Windows 10,Edge 120.0.0.0,1280x720,1217x564,,,,Demographics Questionnaire,4,,multiple,,,set 1,,Neurodiverse,,ACCEPT,Neurodiverse,No,Gender,Woman
4,1705505263441,17/01/2024 15:27:43,1705505264905,0,17/01/2024 15:27:44,155541,10,questionnaire-4eaj,,34281652,BLIND,10126244,,complete,,,computer,Desktop or Laptop,Windows 10,Edge 120.0.0.0,1280x720,1217x564,,,,Demographics Questionnaire,4,,multiple,,,set 1,,Neurodiverse,,ACCEPT,Neurodiverse,No,Gender-quantised,2
5,1705505263441,17/01/2024 15:27:43,1705505264905,0,17/01/2024 15:27:44,155541,10,questionnaire-4eaj,,34281652,BLIND,10126244,,complete,,,computer,Desktop or Laptop,Windows 10,Edge 120.0.0.0,1280x720,1217x564,,,,Demographics Questionnaire,4,,multiple,,,set 1,,Neurodiverse,,ACCEPT,Neurodiverse,No,Gender-text,
6,1705505263441,17/01/2024 15:27:43,1705505264905,0,17/01/2024 15:27:44,155541,10,questionnaire-4eaj,,34281652,BLIND,10126244,,complete,,,computer,Desktop or Laptop,Windows 10,Edge 120.0.0.0,1280x720,1217x564,,,,Demographics Questionnaire,4,,multiple,,,set 1,,Neurodiverse,,ACCEPT,Neurodiverse,No,footedness,Don't know / No preference
7,1705505263441,17/01/2024 15:27:43,1705505264905,0,17/01/2024 15:27:44,155541,10,questionnaire-4eaj,,34281652,BLIND,10126244,,complete,,,computer,Desktop or Laptop,Windows 10,Edge 120.0.0.0,1280x720,1217x564,,,,Demographics Questionnaire,4,,multiple,,,set 1,,Neurodiverse,,ACCEPT,Neurodiverse,No,footedness-quantised,3
8,1705505263441,17/01/2024 15:27:43,1705505264905,0,17/01/2024 15:27:44,155541,10,questionnaire-4eaj,,34281652,BLIND,10126244,,complete,,,computer,Desktop or Laptop,Windows 10,Edge 120.0.0.0,1280x720,1217x564,,,,Demographics Questionnaire,4,,multiple,,,set 1,,Neurodiverse,,ACCEPT,Neurodiverse,No,categorical_hand,Right
9,1705505263441,17/01/2024 15:27:43,1705505264906,0,17/01/2024 15:27:44,155541,10,questionnaire-4eaj,,34281652,BLIND,10126244,,complete,,,computer,Desktop or Laptop,Windows 10,Edge 120.0.0.0,1280x720,1217x564,,,,Demographics Questionnaire,4,,multiple,,,set 1,,Neurodiverse,,ACCEPT,Neurodiverse,No,categorical_hand-quantised,2
10,1705505263441,17/01/2024 15:27:43,1705505264906,0,17/01/2024 15:27:44,155541,10,questionnaire-4eaj,,34281652,BLIND,10126244,,complete,,,computer,Desktop or Laptop,Windows 10,Edge 120.0.0.0,1280x720,1217x564,,,,Demographics Questionnaire,4,,multiple,,,set 1,,Neurodiverse,,ACCEPT,Neurodiverse,No,age_education,Yes
11,1705505263441,17/01/2024 15:27:43,1705505264906,0,17/01/2024 15:27:44,155541,10,questionnaire-4eaj,,34281652,BLIND,10126244,,complete,,,computer,Desktop or Laptop,Windows 10,Edge 120.0.0.0,1280x720,1217x564,,,,Demographics Questionnaire,4,,multiple,,,set 1,,Neurodiverse,,ACCEPT,Neurodiverse,No,age_education-quantised,1
12,1705505263441,17/01/2024 15:27:43,1705505264907,0,17/01/2024 15:27:44,155541,10,questionnaire-4eaj,,34281652,BLIND,10126244,,complete,,,computer,Desktop or Laptop,Windows 10,Edge 120.0.0.0,1280x720,1217x564,,,,Demographics Questionnaire,4,,multiple,,,set 1,,Neurodiverse,,ACCEPT,Neurodiverse,No,age_education-text,
13,1705505263441,17/01/2024 15:27:43,1705505264907,0,17/01/2024 15:27:44,155541,10,questionnaire-4eaj,,34281652,BLIND,10126244,,complete,,,computer,Desktop or Laptop,Windows 10,Edge 120.0.0.0,1280x720,1217x564,,,,Demographics Questionnaire,4,,multiple,,,set 1,,Neurodiverse,,ACCEPT,Neurodiverse,No,bilingual,No
14,1705505263441,17/01/2024 15:27:43,1705505264908,0,17/01/2024 15:27:44,155541,10,questionnaire-4eaj,,34281652,BLIND,10126244,,complete,,,computer,Desktop or Laptop,Windows 10,Edge 120.0.0.0,1280x720,1217x564,,,,Demographics Questionnaire,4,,multiple,,,set 1,,Neurodiverse,,ACCEPT,Neurodiverse,No,bilingual-quantised,1
15,1705505263441,17/01/2024 15:27:43,1705505264908,0,17/01/2024 15:27:44,155541,10,questionnaire-4eaj,,34281652,BLIND,10126244,,complete,,,computer,Desktop or Laptop,Windows 10,Edge 120.0.0.0,1280x720,1217x564,,,,Demographics Questionnaire,4,,multiple,,,set 1,,Neurodiverse,,ACCEPT,Neurodiverse,No,bilingual-text,
16,1705505263441,17/01/2024 15:27:43,1705505264909,0,17/01/2024 15:27:44,155541,10,questionnaire-4eaj,,34281652,BLIND,10126244,,complete,,,computer,Desktop or Laptop,Windows 10,Edge 120.0.0.0,1280x720,1217x564,,,,Demographics Questionnaire,4,,multiple,,,set 1,,Neurodiverse,,ACCEPT,Neurodiverse,No,END QUESTIONNAIRE,15673
1,1705408620566,16/01/2024 12:37:00,1705408620520,0,16/01/2024 12:37:00,155541,10,questionnaire-4eaj,,34249350,BLIND,10115740,,complete,,,computer,Desktop or Laptop,Mac OS 10.15.7,Chrome 119.0.0.0,1440x900,1440x779,,,,Demographics Questionnaire,4,,control,,,,set 1,Controls,ACCEPT,,Controls,No,BEGIN QUESTIONNAIRE,
2,1705408697268,16/01/2024 12:38:17,1705408697218,0,16/01/2024 12:38:17,155541,10,questionnaire-4eaj,,34249350,BLIND,10115740,,complete,,,computer,Desktop or Laptop,Mac OS 10.15.7,Chrome 119.0.0.0,1440x900,1440x779,,,,Demographics Questionnaire,4,,control,,,,set 1,Controls,ACCEPT,,Controls,No,Age,18
3,1705408697323,16/01/2024 12:38:17,1705408697220,0,16/01/2024 12:38:17,155541,10,questionnaire-4eaj,,34249350,BLIND,10115740,,complete,,,computer,Desktop or Laptop,Mac OS 10.15.7,Chrome 119.0.0.0,1440x900,1440x779,,,,Demographics Questionnaire,4,,control,,,,set 1,Controls,ACCEPT,,Controls,No,Gender,Man
4,1705408697323,16/01/2024 12:38:17,1705408697220,0,16/01/2024 12:38:17,155541,10,questionnaire-4eaj,,34249350,BLIND,10115740,,complete,,,computer,Desktop or Laptop,Mac OS 10.15.7,Chrome 119.0.0.0,1440x900,1440x779,,,,Demographics Questionnaire,4,,control,,,,set 1,Controls,ACCEPT,,Controls,No,Gender-quantised,1
5,1705408697323,16/01/2024 12:38:17,1705408697220,0,16/01/2024 12:38:17,155541,10,questionnaire-4eaj,,34249350,BLIND,10115740,,complete,,,computer,Desktop or Laptop,Mac OS 10.15.7,Chrome 119.0.0.0,1440x900,1440x779,,,,Demographics Questionnaire,4,,control,,,,set 1,Controls,ACCEPT,,Controls,No,Gender-text,
6,1705408697323,16/01/2024 12:38:17,1705408697220,0,16/01/2024 12:38:17,155541,10,questionnaire-4eaj,,34249350,BLIND,10115740,,complete,,,computer,Desktop or Laptop,Mac OS 10.15.7,Chrome 119.0.0.0,1440x900,1440x779,,,,Demographics Questionnaire,4,,control,,,,set 1,Controls,ACCEPT,,Controls,No,footedness,Right
7,1705408697323,16/01/2024 12:38:17,1705408697220,0,16/01/2024 12:38:17,155541,10,questionnaire-4eaj,,34249350,BLIND,10115740,,complete,,,computer,Desktop or Laptop,Mac OS 10.15.7,Chrome 119.0.0.0,1440x900,1440x779,,,,Demographics Questionnaire,4,,control,,,,set 1,Controls,ACCEPT,,Controls,No,footedness-quantised,2
8,1705408697323,16/01/2024 12:38:17,1705408697220,0,16/01/2024 12:38:17,155541,10,questionnaire-4eaj,,34249350,BLIND,10115740,,complete,,,computer,Desktop or Laptop,Mac OS 10.15.7,Chrome 119.0.0.0,1440x900,1440x779,,,,Demographics Questionnaire,4,,control,,,,set 1,Controls,ACCEPT,,Controls,No,categorical_hand,Right
9,1705408697323,16/01/2024 12:38:17,1705408697220,0,16/01/2024 12:38:17,155541,10,questionnaire-4eaj,,34249350,BLIND,10115740,,complete,,,computer,Desktop or Laptop,Mac OS 10.15.7,Chrome 119.0.0.0,1440x900,1440x779,,,,Demographics Questionnaire,4,,control,,,,set 1,Controls,ACCEPT,,Controls,No,categorical_hand-quantised,2
10,1705408697323,16/01/2024 12:38:17,1705408697220,0,16/01/2024 12:38:17,155541,10,questionnaire-4eaj,,34249350,BLIND,10115740,,complete,,,computer,Desktop or Laptop,Mac OS 10.15.7,Chrome 119.0.0.0,1440x900,1440x779,,,,Demographics Questionnaire,4,,control,,,,set 1,Controls,ACCEPT,,Controls,No,age_education,Yes
11,1705408697323,16/01/2024 12:38:17,1705408697220,0,16/01/2024 12:38:17,155541,10,questionnaire-4eaj,,34249350,BLIND,10115740,,complete,,,computer,Desktop or Laptop,Mac OS 10.15.7,Chrome 119.0.0.0,1440x900,1440x779,,,,Demographics Questionnaire,4,,control,,,,set 1,Controls,ACCEPT,,Controls,No,age_education-quantised,1
12,1705408697323,16/01/2024 12:38:17,1705408697220,0,16/01/2024 12:38:17,155541,10,questionnaire-4eaj,,34249350,BLIND,10115740,,complete,,,computer,Desktop or Laptop,Mac OS 10.15.7,Chrome 119.0.0.0,1440x900,1440x779,,,,Demographics Questionnaire,4,,control,,,,set 1,Controls,ACCEPT,,Controls,No,age_education-text,
13,1705408697323,16/01/2024 12:38:17,1705408697220,0,16/01/2024 12:38:17,155541,10,questionnaire-4eaj,,34249350,BLIND,10115740,,complete,,,computer,Desktop or Laptop,Mac OS 10.15.7,Chrome 119.0.0.0,1440x900,1440x779,,,,Demographics Questionnaire,4,,control,,,,set 1,Controls,ACCEPT,,Controls,No,bilingual,No
14,1705408697323,16/01/2024 12:38:17,1705408697221,0,16/01/2024 12:38:17,155541,10,questionnaire-4eaj,,34249350,BLIND,10115740,,complete,,,computer,Desktop or Laptop,Mac OS 10.15.7,Chrome 119.0.0.0,1440x900,1440x779,,,,Demographics Questionnaire,4,,control,,,,set 1,Controls,ACCEPT,,Controls,No,bilingual-quantised,1
15,1705408697323,16/01/2024 12:38:17,1705408697221,0,16/01/2024 12:38:17,155541,10,questionnaire-4eaj,,34249350,BLIND,10115740,,complete,,,computer,Desktop or Laptop,Mac OS 10.15.7,Chrome 119.0.0.0,1440x900,1440x779,,,,Demographics Questionnaire,4,,control,,,,set 1,Controls,ACCEPT,,Controls,No,bilingual-text,
16,1705408697323,16/01/2024 12:38:17,1705408697221,0,16/01/2024 12:38:17,155541,10,questionnaire-4eaj,,34249350,BLIND,10115740,,complete,,,computer,Desktop or Laptop,Mac OS 10.15.7,Chrome 119.0.0.0,1440x900,1440x779,,,,Demographics Questionnaire,4,,control,,,,set 1,Controls,ACCEPT,,Controls,No,END QUESTIONNAIRE,76701
END OF FILE
